0 0
0.001 0
0.002 0
0.003 0
0.004 0
0.005 0
0.006 0
0.007 0
0.008 0
0.009 0
0.01 0
0.011 0
0.012 0
0.013 0
0.014 0
0.015 0
0.016 0
0.017 0
0.018 0
0.019 0
0.02 0
0.021 0
0.022 0
0.023 0
0.024 0
0.025 0
0.026 0
0.027 0
0.028 0
0.029 0
0.03 0
0.031 0
0.032 0
0.033 0
0.034 0
0.035 0
0.036 0
0.037 0
0.038 0
0.039 0
0.04 0
0.041 0
0.042 0
0.043 0
0.044 0
0.045 0
0.046 0
0.047 0
0.048 0
0.049 0
0.05 0
0.051 0
0.052 0
0.053 0
0.054 0
0.055 0
0.056 0
0.057 0
0.058 0
0.059 0
0.06 0
0.061 0
0.062 0
0.063 0
0.064 0
0.065 0
0.066 0
0.067 0
0.068 0
0.069 0
0.07 0
0.071 0
0.072 0
0.073 0
0.074 0
0.075 0
0.076 0
0.077 0
0.078 0
0.079 0
0.08 0
0.081 0
0.082 0
0.083 0
0.084 0
0.085 0
0.086 0
0.087 0
0.088 0
0.089 0
0.09 0
0.091 0
0.092 0
0.093 0
0.094 0
0.095 0
0.096 0
0.097 0
0.098 0
0.099 0
0.1 0
0.101 0
0.102 0
0.103 0
0.104 0
0.105 0
0.106 0
0.107 0
0.108 0
0.109 0
0.11 0
0.111 0
0.112 0
0.113 0
0.114 0
0.115 0
0.116 0
0.117 0
0.118 0
0.119 0
0.12 0
0.121 0
0.122 0
0.123 0
0.124 0
0.125 0
0.126 0
0.127 0
0.128 0
0.129 0
0.13 0
0.131 0
0.132 0
0.133 0
0.134 0
0.135 0
0.136 0
0.137 0
0.138 0
0.139 0
0.14 0
0.141 0
0.142 0
0.143 0
0.144 0
0.145 0
0.146 0
0.147 0
0.148 0
0.149 0
0.15 0
0.151 0
0.152 0
0.153 0
0.154 0
0.155 0
0.156 0
0.157 0
0.158 0
0.159 0
0.16 0
0.161 0
0.162 0
0.163 0
0.164 0
0.165 0
0.166 0
0.167 0
0.168 0
0.169 0
0.17 0
0.171 0
0.172 0
0.173 0
0.174 0
0.175 0
0.176 0
0.177 0
0.178 0
0.179 0
0.18 0
0.181 0
0.182 0
0.183 0
0.184 0
0.185 0
0.186 0
0.187 0
0.188 0
0.189 0
0.19 0
0.191 0
0.192 0
0.193 0
0.194 0
0.195 0
0.196 0
0.197 0
0.198 0
0.199 0
0.2 0
0.201 0
0.202 0
0.203 0
0.204 0
0.205 0
0.206 0
0.207 0
0.208 0
0.209 0
0.21 0
0.211 0
0.212 0
0.213 0
0.214 0
0.215 0
0.216 0
0.217 0
0.218 0
0.219 0
0.22 0
0.221 0
0.222 0
0.223 0
0.224 0
0.225 0
0.226 0
0.227 0
0.228 0
0.229 0
0.23 0
0.231 0
0.232 0
0.233 0
0.234 0
0.235 0
0.236 0
0.237 0
0.238 0
0.239 0
0.24 0
0.241 0
0.242 0
0.243 0
0.244 0
0.245 0
0.246 0
0.247 0
0.248 0
0.249 0
0.25 0
0.251 0
0.252 0
0.253 0
0.254 0
0.255 0
0.256 0
0.257 0
0.258 0
0.259 0
0.26 0
0.261 0
0.262 0
0.263 0
0.264 0
0.265 0
0.266 0
0.267 0
0.268 0
0.269 0
0.27 0
0.271 0
0.272 0
0.273 0
0.274 0
0.275 0
0.276 0
0.277 0
0.278 0
0.279 0
0.28 0
0.281 0
0.282 0
0.283 0
0.284 0
0.285 0
0.286 0
0.287 0
0.288 0
0.289 0
0.29 0
0.291 0
0.292 0
0.293 0
0.294 0
0.295 0
0.296 0
0.297 0
0.298 0
0.299 0
0.3 0
0.301 0
0.302 0
0.303 0
0.304 0
0.305 0
0.306 0
0.307 0
0.308 0
0.309 0
0.31 0
0.311 0
0.312 0
0.313 0
0.314 0
0.315 0
0.316 0
0.317 0
0.318 0
0.319 0
0.32 0
0.321 0
0.322 0
0.323 0
0.324 0
0.325 0
0.326 0
0.327 0
0.328 0
0.329 0
0.33 0
0.331 0
0.332 0
0.333 0
0.334 0
0.335 0
0.336 0
0.337 0
0.338 0
0.339 0
0.34 0
0.341 0
0.342 0
0.343 0
0.344 0
0.345 0
0.346 0
0.347 0
0.348 0
0.349 0
0.35 0
0.351 0
0.352 0
0.353 0
0.354 0
0.355 0
0.356 0
0.357 0
0.358 0
0.359 0
0.36 0
0.361 0
0.362 0
0.363 0
0.364 0
0.365 0
0.366 0
0.367 0
0.368 0
0.369 0
0.37 0
0.371 0
0.372 0
0.373 0
0.374 0
0.375 0
0.376 0
0.377 0
0.378 0
0.379 0
0.38 0
0.381 0
0.382 0
0.383 0
0.384 0
0.385 0
0.386 0
0.387 0
0.388 0
0.389 0
0.39 0
0.391 0
0.392 0
0.393 0
0.394 0
0.395 0
0.396 0
0.397 0
0.398 0
0.399 0
0.4 0
0.401 0
0.402 0
0.403 0
0.404 0
0.405 0
0.406 0
0.407 0
0.408 0
0.409 0
0.41 0
0.411 0
0.412 0
0.413 0
0.414 0
0.415 0
0.416 0
0.417 0
0.418 0
0.419 0
0.42 0
0.421 0
0.422 0
0.423 0
0.424 0
0.425 0
0.426 0
0.427 0
0.428 0
0.429 0
0.43 0
0.431 0
0.432 0
0.433 0
0.434 0
0.435 0
0.436 0
0.437 0
0.438 0
0.439 0
0.44 0
0.441 0
0.442 0
0.443 0
0.444 0
0.445 0
0.446 0
0.447 0
0.448 0
0.449 0
0.45 0
0.451 0
0.452 0
0.453 0
0.454 0
0.455 0
0.456 0
0.457 0
0.458 0
0.459 0
0.46 0
0.461 0
0.462 0
0.463 0
0.464 0
0.465 0
0.466 0
0.467 0
0.468 0
0.469 0
0.47 0
0.471 0
0.472 0
0.473 0
0.474 0
0.475 0
0.476 0
0.477 0
0.478 0
0.479 0
0.48 0
0.481 0
0.482 0
0.483 0
0.484 0
0.485 0
0.486 0
0.487 0
0.488 0
0.489 0
0.49 0
0.491 0
0.492 0
0.493 0
0.494 0
0.495 0
0.496 0
0.497 0
0.498 0
0.499 0
0.5 0
0.501 0
0.502 0
0.503 0
0.504 0
0.505 0
0.506 0
0.507 0
0.508 0
0.509 0
0.51 0
0.511 0
0.512 0
0.513 0
0.514 0
0.515 0
0.516 0
0.517 0
0.518 0
0.519 0
0.52 0
0.521 0
0.522 0
0.523 0
0.524 0
0.525 0
0.526 0
0.527 0
0.528 0
0.529 0
0.53 0
0.531 0
0.532 0
0.533 0
0.534 0
0.535 0
0.536 0
0.537 0
0.538 0
0.539 0
0.54 0
0.541 0
0.542 0
0.543 0
0.544 0
0.545 0
0.546 0
0.547 0
0.548 0
0.549 0
0.55 0
0.551 0
0.552 0
0.553 0
0.554 0
0.555 0
0.556 0
0.557 0
0.558 0
0.559 0
0.56 0
0.561 0
0.562 0
0.563 0
0.564 0
0.565 0
0.566 0
0.567 0
0.568 0
0.569 0
0.57 0
0.571 0
0.572 0
0.573 0
0.574 0
0.575 0
0.576 0
0.577 0
0.578 0
0.579 0
0.58 0
0.581 0
0.582 0
0.583 0
0.584 0
0.585 0
0.586 0
0.587 0
0.588 0
0.589 0
0.59 0
0.591 0
0.592 0
0.593 0
0.594 0
0.595 0
0.596 0
0.597 0
0.598 0
0.599 0
0.6 0
0.601 0
0.602 0.0877446
0.603 0.200136
0.604 0.312451
0.605 0.424663
0.606 0.536743
0.607 0.648664
0.608 0.760397
0.609 0.871914
0.61 0.983189
0.611 1.09419
0.612 1.2049
0.613 1.31528
0.614 1.4253
0.615 1.53495
0.616 1.64418
0.617 1.75298
0.618 1.86132
0.619 1.96917
0.62 2.0765
0.621 2.18329
0.622 2.2895
0.623 2.39512
0.624 2.50012
0.625 2.60447
0.626 2.70815
0.627 2.81112
0.628 2.91337
0.629 3.01486
0.63 3.11558
0.631 3.21549
0.632 3.31458
0.633 3.41282
0.634 3.51018
0.635 3.60664
0.636 3.70217
0.637 3.79675
0.638 3.89037
0.639 3.98298
0.64 4.07458
0.641 4.16514
0.642 4.25463
0.643 4.34304
0.644 4.43034
0.645 4.5165
0.646 4.60152
0.647 4.68536
0.648 4.76801
0.649 4.84944
0.65 4.92964
0.651 5.00859
0.652 5.08626
0.653 5.16263
0.654 5.23769
0.655 5.31143
0.656 5.38381
0.657 5.45482
0.658 5.52445
0.659 5.59267
0.66 5.65947
0.661 5.72484
0.662 5.78875
0.663 5.8512
0.664 5.91216
0.665 5.97161
0.666 6.02956
0.667 6.08597
0.668 6.14084
0.669 6.19416
0.67 6.2459
0.671 6.29606
0.672 6.34463
0.673 6.39158
0.674 6.43692
0.675 6.48062
0.676 6.52269
0.677 6.5631
0.678 6.60185
0.679 6.63892
0.68 6.67432
0.681 6.70802
0.682 6.74003
0.683 6.77032
0.684 6.79891
0.685 6.82577
0.686 6.8509
0.687 6.8743
0.688 6.89596
0.689 6.91587
0.69 6.93404
0.691 6.95044
0.692 6.96509
0.693 6.97797
0.694 6.98909
0.695 6.99844
0.696 7.00601
0.697 7.01182
0.698 7.01584
0.699 7.01809
0.7 7.01857
0.701 7.01727
0.702 7.01419
0.703 7.00933
0.704 7.0027
0.705 6.9943
0.706 6.98413
0.707 6.97218
0.708 6.95848
0.709 6.94301
0.71 6.92578
0.711 6.9068
0.712 6.88607
0.713 6.86359
0.714 6.83938
0.715 6.81343
0.716 6.78576
0.717 6.75636
0.718 6.72526
0.719 6.69245
0.72 6.65794
0.721 6.62175
0.722 6.58388
0.723 6.54434
0.724 6.50314
0.725 6.46029
0.726 6.4158
0.727 6.36968
0.728 6.32195
0.729 6.27261
0.73 6.22168
0.731 6.16917
0.732 6.1151
0.733 6.05947
0.734 6.00231
0.735 5.94361
0.736 5.88341
0.737 5.82172
0.738 5.75854
0.739 5.6939
0.74 5.62781
0.741 5.56029
0.742 5.49135
0.743 5.42101
0.744 5.3493
0.745 5.27622
0.746 5.2018
0.747 5.12605
0.748 5.049
0.749 4.97065
0.75 4.89104
0.751 4.81018
0.752 4.72809
0.753 4.64479
0.754 4.56031
0.755 4.47466
0.756 4.38786
0.757 4.29994
0.758 4.21092
0.759 4.12082
0.76 4.02966
0.761 3.93746
0.762 3.84426
0.763 3.75006
0.764 3.6549
0.765 3.5588
0.766 3.46179
0.767 3.36387
0.768 3.26509
0.769 3.16547
0.77 3.06502
0.771 2.96378
0.772 2.86177
0.773 2.75902
0.774 2.65554
0.775 2.55138
0.776 2.44654
0.777 2.34107
0.778 2.23498
0.779 2.1283
0.78 2.02106
0.781 1.91329
0.782 1.805
0.783 1.69624
0.784 1.58702
0.785 1.47737
0.786 1.36732
0.787 1.2569
0.788 1.14614
0.789 1.03506
0.79 0.923683
0.791 0.812047
0.792 0.700176
0.793 0.588099
0.794 0.475842
0.795 0.363435
0.796 0.250905
0.797 0.138279
0.798 0.0255863
0.799 0
0.8 0
0.801 0
0.802 0
0.803 0
0.804 0
0.805 0
0.806 0
0.807 0
0.808 0
0.809 0
0.81 0
0.811 0
0.812 0
0.813 0
0.814 0
0.815 0
0.816 0
0.817 0
0.818 0
0.819 0
0.82 0
0.821 0
0.822 0
0.823 0
0.824 0
0.825 0
0.826 0
0.827 0
0.828 0
0.829 0
0.83 0
0.831 0
0.832 0
0.833 0
0.834 0.122114
0.835 0.254854
0.836 0.387545
0.837 0.520153
0.838 0.652646
0.839 0.784991
0.84 0.917155
0.841 1.0491
0.842 1.1808
0.843 1.31222
0.844 1.44333
0.845 1.57409
0.846 1.70447
0.847 1.83444
0.848 1.96397
0.849 2.09301
0.85 2.22155
0.851 2.34955
0.852 2.47698
0.853 2.60379
0.854 2.72998
0.855 2.85549
0.856 2.9803
0.857 3.10439
0.858 3.22771
0.859 3.35023
0.86 3.47194
0.861 3.59279
0.862 3.71275
0.863 3.8318
0.864 3.94991
0.865 4.06704
0.866 4.18317
0.867 4.29826
0.868 4.4123
0.869 4.52524
0.87 4.63707
0.871 4.74775
0.872 4.85725
0.873 4.96556
0.874 5.07264
0.875 5.17846
0.876 5.283
0.877 5.38623
0.878 5.48813
0.879 5.58867
0.88 5.68783
0.881 5.78558
0.882 5.88189
0.883 5.97675
0.884 6.07012
0.885 6.16199
0.886 6.25233
0.887 6.34112
0.888 6.42834
0.889 6.51397
0.89 6.59798
0.891 6.68035
0.892 6.76106
0.893 6.8401
0.894 6.91744
0.895 6.99306
0.896 7.06694
0.897 7.13907
0.898 7.24245
0.899 7.45418
0.9 7.66412
0.901 7.8722
0.902 8.07837
0.903 8.28259
0.904 8.48479
0.905 8.68493
0.906 8.88294
0.907 9.07879
0.908 9.27241
0.909 9.46377
0.91 9.6528
0.911 9.83946
0.912 10.0237
0.913 10.2055
0.914 10.3847
0.915 10.5614
0.916 10.7355
0.917 10.907
0.918 11.0757
0.919 11.2417
0.92 11.405
0.921 11.5654
0.922 11.7229
0.923 11.8775
0.924 12.0292
0.925 12.1779
0.926 12.3236
0.927 12.4662
0.928 12.6057
0.929 12.7421
0.93 12.8753
0.931 13.0053
0.932 13.1321
0.933 13.2556
0.934 13.3758
0.935 13.4927
0.936 13.6062
0.937 13.7163
0.938 13.823
0.939 13.9263
0.94 14.0261
0.941 14.1224
0.942 14.2151
0.943 14.3044
0.944 14.39
0.945 14.4721
0.946 14.5505
0.947 14.6253
0.948 14.6965
0.949 14.764
0.95 14.8278
0.951 14.8879
0.952 14.9443
0.953 14.9969
0.954 15.0458
0.955 15.091
0.956 15.1323
0.957 15.1699
0.958 15.2037
0.959 15.2337
0.96 15.2599
0.961 15.2823
0.962 15.3008
0.963 15.3155
0.964 15.3264
0.965 15.3335
0.966 15.3367
0.967 15.3361
0.968 15.3317
0.969 15.3234
0.97 15.3113
0.971 15.2954
0.972 15.2756
0.973 15.2521
0.974 15.2247
0.975 15.1935
0.976 15.1585
0.977 15.1197
0.978 15.0771
0.979 15.0307
0.98 14.9806
0.981 14.9268
0.982 14.8692
0.983 14.8079
0.984 14.7429
0.985 14.6742
0.986 14.6018
0.987 14.5258
0.988 14.4461
0.989 14.3628
0.99 14.276
0.991 14.1855
0.992 14.0916
0.993 13.994
0.994 13.893
0.995 13.7886
0.996 13.6806
0.997 13.5693
0.998 13.4545
0.999 13.3364
1 13.215
1.001 13.0902
1.002 12.9622
1.003 12.8309
1.004 12.6965
1.005 12.5588
1.006 12.418
1.007 12.2741
1.008 12.1272
1.009 11.9772
1.01 11.8242
1.011 11.6683
1.012 11.5094
1.013 11.3477
1.014 11.1831
1.015 11.0158
1.016 10.8456
1.017 10.6728
1.018 10.4973
1.019 10.3192
1.02 10.1386
1.021 9.95536
1.022 9.76967
1.023 9.58154
1.024 9.39102
1.025 9.19816
1.026 9.00301
1.027 8.80561
1.028 8.60602
1.029 8.40428
1.03 8.20045
1.031 7.99459
1.032 7.78673
1.033 7.63845
1.034 7.55945
1.035 7.47856
1.036 7.39579
1.037 7.31117
1.038 7.22472
1.039 7.13646
1.04 7.04641
1.041 6.9546
1.042 6.86106
1.043 6.76579
1.044 6.66884
1.045 6.57022
1.046 6.46996
1.047 6.36808
1.048 6.26462
1.049 6.1596
1.05 6.05304
1.051 5.94497
1.052 5.83543
1.053 5.72443
1.054 5.61201
1.055 5.4982
1.056 5.38303
1.057 5.26652
1.058 5.14871
1.059 5.02963
1.06 4.9093
1.061 4.78777
1.062 4.66505
1.063 4.54119
1.064 4.41621
1.065 4.29015
1.066 4.16304
1.067 4.03492
1.068 3.90581
1.069 3.77575
1.07 3.64477
1.071 3.51292
1.072 3.38021
1.073 3.2467
1.074 3.11241
1.075 2.97737
1.076 2.84163
1.077 2.70521
1.078 2.56816
1.079 2.43051
1.08 2.2923
1.081 2.15355
1.082 2.01432
1.083 1.87463
1.084 1.73453
1.085 1.59404
1.086 1.4532
1.087 1.31206
1.088 1.17065
1.089 1.02901
1.09 0.887166
1.091 0.745166
1.092 0.603044
1.093 0.460838
1.094 0.318584
1.095 0.176321
1.096 0.0888485
1.097 0.178103
1.098 0.301392
1.099 0.4246
1.1 0.547696
1.101 0.67065
1.102 0.79343
1.103 0.916005
1.104 1.03835
1.105 1.16042
1.106 1.2822
1.107 1.40365
1.108 1.52475
1.109 1.64545
1.11 1.76575
1.111 1.88559
1.112 2.00495
1.113 2.12381
1.114 2.24213
1.115 2.35988
1.116 2.47704
1.117 2.59357
1.118 2.70945
1.119 2.82464
1.12 2.93912
1.121 3.05286
1.122 3.16583
1.123 3.278
1.124 3.38935
1.125 3.49984
1.126 3.60945
1.127 3.71815
1.128 3.82592
1.129 3.93272
1.13 4.03853
1.131 4.14332
1.132 4.24707
1.133 4.34976
1.134 4.45135
1.135 4.55182
1.136 4.65114
1.137 4.7493
1.138 4.84626
1.139 4.942
1.14 5.0365
1.141 5.12973
1.142 5.22168
1.143 5.31231
1.144 5.4016
1.145 5.48954
1.146 5.5761
1.147 5.66126
1.148 5.74499
1.149 5.82729
1.15 5.90811
1.151 5.98746
1.152 6.0653
1.153 6.14161
1.154 6.21638
1.155 6.2896
1.156 6.36123
1.157 6.43126
1.158 6.61657
1.159 6.84039
1.16 7.0625
1.161 7.28285
1.162 7.50137
1.163 7.71802
1.164 7.93275
1.165 8.14548
1.166 8.35618
1.167 8.5648
1.168 8.77127
1.169 8.97554
1.17 9.17758
1.171 9.37731
1.172 9.57471
1.173 9.76971
1.174 9.96226
1.175 10.1523
1.176 10.3399
1.177 10.5248
1.178 10.7071
1.179 10.8867
1.18 11.0636
1.181 11.2378
1.182 11.4091
1.183 11.5776
1.184 11.7432
1.185 11.9058
1.186 12.0655
1.187 12.2221
1.188 12.3757
1.189 12.5262
1.19 12.6736
1.191 12.8177
1.192 12.9587
1.193 13.0965
1.194 13.2309
1.195 13.3621
1.196 13.4899
1.197 13.6144
1.198 13.7354
1.199 13.853
1.2 13.9671
1.201 14.0778
1.202 14.1849
1.203 14.2884
1.204 14.3884
1.205 14.4848
1.206 14.5776
1.207 14.6667
1.208 14.7522
1.209 14.8339
1.21 14.912
1.211 14.9863
1.212 15.0569
1.213 15.1237
1.214 15.1867
1.215 15.2459
1.216 15.3013
1.217 15.3529
1.218 15.4006
1.219 15.4445
1.22 15.4845
1.221 15.5207
1.222 15.5529
1.223 15.5813
1.224 15.6058
1.225 15.6263
1.226 15.643
1.227 15.6557
1.228 15.6646
1.229 15.6695
1.23 15.6705
1.231 15.6675
1.232 15.6607
1.233 15.6499
1.234 15.6352
1.235 15.6166
1.236 15.5941
1.237 15.5677
1.238 15.5374
1.239 15.5032
1.24 15.4651
1.241 15.4231
1.242 15.3773
1.243 15.3277
1.244 15.2742
1.245 15.2169
1.246 15.1558
1.247 15.0909
1.248 15.0222
1.249 14.9497
1.25 14.8736
1.251 14.7936
1.252 14.71
1.253 14.6228
1.254 14.5318
1.255 14.4372
1.256 14.339
1.257 14.2372
1.258 14.1319
1.259 14.023
1.26 13.9106
1.261 13.7947
1.262 13.6754
1.263 13.5527
1.264 13.4265
1.265 13.297
1.266 13.1642
1.267 13.0281
1.268 12.8887
1.269 12.7461
1.27 12.6003
1.271 12.4514
1.272 12.2993
1.273 12.1442
1.274 11.986
1.275 11.8248
1.276 11.6607
1.277 11.4936
1.278 11.3237
1.279 11.1509
1.28 10.9754
1.281 10.7971
1.282 10.6161
1.283 10.4324
1.284 10.2462
1.285 10.0573
1.286 9.86599
1.287 9.67217
1.288 9.47594
1.289 9.27733
1.29 9.0764
1.291 8.8732
1.292 8.66779
1.293 8.4602
1.294 8.27953
1.295 8.19111
1.296 8.10065
1.297 8.00816
1.298 7.91368
1.299 7.81722
1.3 7.71881
1.301 7.61848
1.302 7.51624
1.303 7.41213
1.304 7.30617
1.305 7.19838
1.306 7.0888
1.307 6.97745
1.308 6.86436
1.309 6.74956
1.31 6.63307
1.311 6.51493
1.312 6.39516
1.313 6.2738
1.314 6.15087
1.315 6.02641
1.316 5.90045
1.317 5.77301
1.318 5.64414
1.319 5.51385
1.32 5.3822
1.321 5.2492
1.322 5.11489
1.323 4.9793
1.324 4.84248
1.325 4.70445
1.326 4.56524
1.327 4.4249
1.328 4.28346
1.329 4.14095
1.33 3.9974
1.331 3.85286
1.332 3.70736
1.333 3.56094
1.334 3.41363
1.335 3.26547
1.336 3.1165
1.337 2.96676
1.338 2.81627
1.339 2.66509
1.34 2.51324
1.341 2.36077
1.342 2.20771
1.343 2.0541
1.344 1.89998
1.345 1.74539
1.346 1.59037
1.347 1.43495
1.348 1.27918
1.349 1.12309
1.35 0.96673
1.351 0.810127
1.352 0.653326
1.353 0.496364
1.354 0.339282
1.355 0.182119
1.356 0.0249132
1.357 0
1.358 0
1.359 0
1.36 0
1.361 0
1.362 0
1.363 0
1.364 0
1.365 0
1.366 0
1.367 0
1.368 0
1.369 0
1.37 0
1.371 0
1.372 0
1.373 0
1.374 0
1.375 0
1.376 0
1.377 0.0323928
1.378 0.0964923
1.379 0.160552
1.38 0.292351
1.381 0.432969
1.382 0.573467
1.383 0.713811
1.384 0.853966
1.385 0.993897
1.386 1.13357
1.387 1.27295
1.388 1.41199
1.389 1.55068
1.39 1.68896
1.391 1.82681
1.392 1.9642
1.393 2.10108
1.394 2.23743
1.395 2.3732
1.396 2.50838
1.397 2.64291
1.398 2.77677
1.399 2.90993
1.4 3.04235
1.401 3.17399
1.402 3.30483
1.403 3.43484
1.404 3.56397
1.405 3.6922
1.406 3.8195
1.407 3.94583
1.408 4.07117
1.409 4.19547
1.41 4.31872
1.411 4.44087
1.412 4.56191
1.413 4.68179
1.414 4.80049
1.415 4.91797
1.416 5.03422
1.417 5.1492
1.418 5.26288
1.419 5.37523
1.42 5.48622
1.421 5.59584
1.422 5.70404
1.423 5.81081
1.424 5.91611
1.425 6.01992
1.426 6.12222
1.427 6.22297
1.428 6.32215
1.429 6.41975
1.43 6.51573
1.431 6.61006
1.432 6.70274
1.433 6.79372
1.434 6.883
1.435 6.97054
1.436 7.05633
1.437 7.14034
1.438 7.22256
1.439 7.30296
1.44 7.38152
1.441 7.45823
1.442 7.53306
1.443 7.60599
1.444 7.67702
1.445 7.74611
1.446 7.81325
1.447 7.87843
1.448 7.94162
1.449 8.00282
1.45 8.10175
1.451 8.23186
1.452 8.35989
1.453 8.48579
1.454 8.60954
1.455 8.7311
1.456 8.85046
1.457 8.96756
1.458 9.0824
1.459 9.19493
1.46 9.30513
1.461 9.41297
1.462 9.51843
1.463 9.62148
1.464 9.72208
1.465 9.82023
1.466 9.91589
1.467 10.009
1.468 10.0996
1.469 10.1877
1.47 10.2732
1.471 10.356
1.472 10.4363
1.473 10.5139
1.474 10.5888
1.475 10.6611
1.476 10.7306
1.477 10.7975
1.478 10.8616
1.479 10.923
1.48 10.9815
1.481 11.0374
1.482 11.0904
1.483 11.1406
1.484 11.188
1.485 11.2325
1.486 11.2743
1.487 11.3131
1.488 11.3491
1.489 11.3822
1.49 11.4125
1.491 11.4398
1.492 11.4643
1.493 11.4859
1.494 11.5045
1.495 11.5202
1.496 11.5331
1.497 11.543
1.498 11.5499
1.499 11.554
1.5 11.5551
1.501 11.5533
1.502 11.5486
1.503 11.541
1.504 11.5304
1.505 11.5169
1.506 11.5005
1.507 11.4812
1.508 11.459
1.509 11.4339
1.51 11.4059
1.511 11.375
1.512 11.3412
1.513 11.3045
1.514 11.3154
1.515 11.336
1.516 11.3538
1.517 11.3687
1.518 11.3807
1.519 11.3898
1.52 11.3961
1.521 11.3995
1.522 11.4001
1.523 11.3977
1.524 11.3925
1.525 11.3844
1.526 11.3735
1.527 11.3596
1.528 11.3429
1.529 11.3234
1.53 11.301
1.531 11.2757
1.532 11.2476
1.533 11.2167
1.534 11.1829
1.535 11.1463
1.536 11.1069
1.537 11.0647
1.538 11.0198
1.539 10.972
1.54 10.9215
1.541 10.8682
1.542 10.8122
1.543 10.7534
1.544 10.6919
1.545 10.6278
1.546 10.5609
1.547 10.4914
1.548 10.4193
1.549 10.3445
1.55 10.2671
1.551 10.1872
1.552 10.1046
1.553 10.0196
1.554 9.93194
1.555 9.84182
1.556 9.74922
1.557 9.65416
1.558 9.55667
1.559 9.45677
1.56 9.35448
1.561 9.31387
1.562 9.38553
1.563 9.45483
1.564 9.52175
1.565 9.58628
1.566 9.64841
1.567 9.70811
1.568 9.76538
1.569 9.82019
1.57 9.87255
1.571 9.92242
1.572 9.96981
1.573 10.0147
1.574 10.1006
1.575 10.2045
1.576 10.3059
1.577 10.4048
1.578 10.501
1.579 10.6619
1.58 10.8296
1.581 11.0782
1.582 11.3484
1.583 11.6158
1.584 11.8804
1.585 12.142
1.586 12.4005
1.587 12.656
1.588 12.9084
1.589 13.1575
1.59 13.4034
1.591 13.6459
1.592 13.8851
1.593 14.1208
1.594 14.353
1.595 14.5817
1.596 14.8067
1.597 15.0281
1.598 15.2457
1.599 15.4596
1.6 15.6696
1.601 15.8757
1.602 16.0779
1.603 16.2761
1.604 16.4703
1.605 16.6604
1.606 16.8463
1.607 17.0281
1.608 17.2768
1.609 17.5511
1.61 17.8211
1.611 18.0867
1.612 18.3477
1.613 18.6042
1.614 18.8561
1.615 19.1033
1.616 19.3458
1.617 19.5834
1.618 19.8162
1.619 20.0441
1.62 20.3239
1.621 20.6656
1.622 21.0023
1.623 21.3338
1.624 21.66
1.625 21.9809
1.626 22.2965
1.627 22.6065
1.628 22.911
1.629 23.2768
1.63 23.7187
1.631 24.1549
1.632 24.5851
1.633 25.0093
1.634 25.4274
1.635 25.8392
1.636 26.2447
1.637 26.6437
1.638 27.0362
1.639 27.422
1.64 27.8011
1.641 28.1734
1.642 28.5388
1.643 28.8972
1.644 29.2484
1.645 29.6573
1.646 30.1073
1.647 30.5899
1.648 31.0955
1.649 31.5935
1.65 32.0835
1.651 32.5657
1.652 33.0397
1.653 33.5056
1.654 34.0637
1.655 34.6643
1.656 35.2563
1.657 35.8395
1.658 36.4139
1.659 36.9792
1.66 37.5353
1.661 38.0821
1.662 38.6195
1.663 39.1472
1.664 39.6653
1.665 40.1735
1.666 40.6716
1.667 41.1597
1.668 41.6376
1.669 42.1051
1.67 42.5622
1.671 43.0086
1.672 43.4444
1.673 43.8694
1.674 44.2834
1.675 44.6865
1.676 45.0784
1.677 45.4592
1.678 45.8286
1.679 46.1866
1.68 46.5331
1.681 46.8681
1.682 47.1914
1.683 47.503
1.684 47.8027
1.685 48.0906
1.686 48.3665
1.687 48.667
1.688 49.0577
1.689 49.4361
1.69 49.8023
1.691 50.156
1.692 50.4973
1.693 50.8261
1.694 51.1421
1.695 51.4455
1.696 51.7361
1.697 52.0138
1.698 52.2786
1.699 52.5303
1.7 52.769
1.701 52.9946
1.702 53.207
1.703 53.4061
1.704 53.592
1.705 53.7645
1.706 53.9237
1.707 54.0695
1.708 54.2018
1.709 54.3206
1.71 54.426
1.711 54.5178
1.712 54.596
1.713 54.6607
1.714 54.7457
1.715 54.8461
1.716 54.9328
1.717 55.0059
1.718 55.0653
1.719 55.111
1.72 55.1429
1.721 55.1612
1.722 55.1657
1.723 55.1566
1.724 55.1337
1.725 55.0971
1.726 55.0468
1.727 54.9829
1.728 54.9052
1.729 54.814
1.73 54.7091
1.731 54.5906
1.732 54.4586
1.733 54.313
1.734 54.154
1.735 53.9815
1.736 53.7956
1.737 53.5964
1.738 53.3839
1.739 53.1582
1.74 52.9874
1.741 53.1028
1.742 53.2612
1.743 53.4065
1.744 53.5386
1.745 53.7141
1.746 53.9187
1.747 54.1101
1.748 54.2881
1.749 54.4526
1.75 54.6037
1.751 54.7413
1.752 54.8654
1.753 54.9759
1.754 55.0728
1.755 55.1562
1.756 55.226
1.757 55.2821
1.758 55.3246
1.759 55.3535
1.76 55.4462
1.761 55.6265
1.762 55.793
1.763 55.9459
1.764 56.1709
1.765 56.4205
1.766 56.6563
1.767 56.8781
1.768 57.0859
1.769 57.2797
1.77 57.4595
1.771 57.6251
1.772 57.7767
1.773 57.914
1.774 58.0371
1.775 58.1461
1.776 58.2408
1.777 58.3212
1.778 58.3874
1.779 58.4393
1.78 58.4935
1.781 58.6248
1.782 58.7417
1.783 58.8443
1.784 58.9326
1.785 59.0064
1.786 59.0659
1.787 59.111
1.788 59.1416
1.789 59.1579
1.79 59.1598
1.791 59.1473
1.792 59.1204
1.793 59.0792
1.794 59.0236
1.795 58.9537
1.796 58.8695
1.797 58.7711
1.798 58.6584
1.799 58.5316
1.8 58.3905
1.801 58.2354
1.802 58.0662
1.803 57.8829
1.804 57.6858
1.805 57.5267
1.806 57.4034
1.807 57.2664
1.808 57.1155
1.809 56.951
1.81 56.7727
1.811 56.5808
1.812 56.3753
1.813 56.1562
1.814 55.9237
1.815 55.6777
1.816 55.4183
1.817 55.1457
1.818 54.8598
1.819 54.5608
1.82 54.2486
1.821 53.9235
1.822 53.5854
1.823 53.2819
1.824 53.0119
1.825 52.7292
1.826 52.4338
1.827 52.1258
1.828 51.9249
1.829 51.8404
1.83 51.7429
1.831 51.6325
1.832 51.5091
1.833 51.3729
1.834 51.2238
1.835 51.0618
1.836 50.8871
1.837 50.6997
1.838 50.4996
1.839 50.2868
1.84 50.0614
1.841 49.8235
1.842 49.5732
1.843 49.3104
1.844 49.0589
1.845 48.8847
1.846 48.6983
1.847 48.4997
1.848 48.2889
1.849 48.0661
1.85 47.8312
1.851 47.5843
1.852 47.3694
1.853 47.2504
1.854 47.1196
1.855 46.9769
1.856 46.8225
1.857 46.7774
1.858 46.7495
1.859 46.7098
1.86 46.6585
1.861 46.5955
1.862 46.5208
1.863 46.4345
1.864 46.3365
1.865 46.227
1.866 46.1058
1.867 45.9732
1.868 45.829
1.869 45.6733
1.87 45.5062
1.871 45.3277
1.872 45.1379
1.873 44.9368
1.874 44.7244
1.875 44.5008
1.876 44.266
1.877 44.0202
1.878 43.7634
1.879 43.4956
1.88 43.2169
1.881 42.9273
1.882 42.6271
1.883 42.3161
1.884 41.9946
1.885 41.6625
1.886 41.3833
1.887 41.1695
1.888 40.9454
1.889 40.7111
1.89 40.4665
1.891 40.2118
1.892 39.947
1.893 39.6723
1.894 39.511
1.895 39.3499
1.896 39.1789
1.897 38.9982
1.898 38.8077
1.899 38.6074
1.9 38.3975
1.901 38.178
1.902 37.9489
1.903 37.7103
1.904 37.4622
1.905 37.2048
1.906 36.938
1.907 36.662
1.908 36.3767
1.909 36.0824
1.91 35.779
1.911 35.4667
1.912 35.1454
1.913 34.8154
1.914 34.4766
1.915 34.1292
1.916 33.7732
1.917 33.4088
1.918 33.036
1.919 32.6549
1.92 32.2656
1.921 31.8682
1.922 31.4628
1.923 31.0496
1.924 30.6285
1.925 30.1998
1.926 29.7635
1.927 29.3197
1.928 28.8686
1.929 28.4102
1.93 27.9447
1.931 27.4722
1.932 26.9928
1.933 26.614
1.934 26.2328
1.935 25.8451
1.936 25.4508
1.937 25.0502
1.938 24.6726
1.939 24.4453
1.94 24.4502
1.941 24.449
1.942 24.4417
1.943 24.4283
1.944 24.413
1.945 24.4866
1.946 24.554
1.947 24.6152
1.948 24.6703
1.949 24.7192
1.95 24.7618
1.951 24.7983
1.952 24.8285
1.953 24.8525
1.954 24.8703
1.955 24.8819
1.956 24.8871
1.957 24.8862
1.958 24.879
1.959 24.8656
1.96 24.8459
1.961 24.82
1.962 24.7922
1.963 24.8782
1.964 24.958
1.965 25.0315
1.966 25.0987
1.967 25.1596
1.968 25.2143
1.969 25.2625
1.97 25.3045
1.971 25.3401
1.972 25.3693
1.973 25.3922
1.974 25.4087
1.975 25.4188
1.976 25.4226
1.977 25.42
1.978 25.411
1.979 25.3956
1.98 25.3738
1.981 25.3457
1.982 25.3112
1.983 25.2704
1.984 25.2232
1.985 25.1697
1.986 25.1099
1.987 25.0438
1.988 24.9714
1.989 24.8927
1.99 24.8078
1.991 24.7166
1.992 24.6193
1.993 24.5158
1.994 24.4061
1.995 24.2903
1.996 24.1684
1.997 24.0405
1.998 23.9065
1.999 23.7665
2 23.6205
2.001 23.4687
2.002 23.3109
2.003 23.1473
2.004 22.9779
2.005 22.8027
2.006 22.6218
2.007 22.4352
2.008 22.243
2.009 22.0452
2.01 21.8464
2.011 21.6977
2.012 21.5435
2.013 21.384
2.014 21.2191
2.015 21.049
2.016 20.8735
2.017 20.6928
2.018 20.5069
2.019 20.3159
2.02 20.2026
2.021 20.0954
2.022 19.9832
2.023 19.866
2.024 19.7439
2.025 19.6168
2.026 19.4849
2.027 19.3481
2.028 19.2064
2.029 19.06
2.03 18.9088
2.031 18.7529
2.032 18.5923
2.033 18.4271
2.034 18.2573
2.035 18.0829
2.036 17.9041
2.037 17.7207
2.038 17.533
2.039 17.3409
2.04 17.1444
2.041 16.9437
2.042 16.7388
2.043 16.5296
2.044 16.3164
2.045 16.0991
2.046 15.8778
2.047 15.6525
2.048 15.4233
2.049 15.1903
2.05 14.9535
2.051 14.713
2.052 14.4688
2.053 14.221
2.054 13.9697
2.055 13.7148
2.056 13.5939
2.057 13.4821
2.058 13.3671
2.059 13.2486
2.06 13.1269
2.061 13.0019
2.062 12.8736
2.063 12.7421
2.064 12.6075
2.065 12.4697
2.066 12.3288
2.067 12.1848
2.068 12.0378
2.069 11.8878
2.07 11.7348
2.071 11.5788
2.072 11.5955
2.073 11.6343
2.074 11.6701
2.075 11.703
2.076 11.7963
2.077 11.905
2.078 12.0106
2.079 12.1132
2.08 12.2128
2.081 12.3092
2.082 12.4026
2.083 12.4928
2.084 12.5798
2.085 12.6637
2.086 12.7444
2.087 12.8218
2.088 12.8961
2.089 12.967
2.09 13.0347
2.091 13.0991
2.092 13.2032
2.093 13.3945
2.094 13.5824
2.095 13.7669
2.096 13.9479
2.097 14.1254
2.098 14.2994
2.099 14.5067
2.1 14.7239
2.101 14.9374
2.102 15.1472
2.103 15.3531
2.104 15.5552
2.105 15.7534
2.106 15.9476
2.107 16.1978
2.108 16.5307
2.109 16.8593
2.11 17.1838
2.111 17.5039
2.112 17.8196
2.113 18.1309
2.114 18.4376
2.115 18.7396
2.116 19.037
2.117 19.3295
2.118 19.6173
2.119 19.9
2.12 20.2515
2.121 20.608
2.122 20.9594
2.123 21.3055
2.124 21.6463
2.125 21.9816
2.126 22.3114
2.127 22.6356
2.128 22.9541
2.129 23.2669
2.13 23.5739
2.131 23.9088
2.132 24.3157
2.133 24.7164
2.134 25.111
2.135 25.6217
2.136 26.1464
2.137 26.6646
2.138 27.1761
2.139 27.6808
2.14 28.1785
2.141 28.6693
2.142 29.1528
2.143 29.629
2.144 30.0979
2.145 30.5592
2.146 31.0128
2.147 31.4587
2.148 31.8968
2.149 32.3268
2.15 32.7488
2.151 33.1626
2.152 33.5682
2.153 34.0464
2.154 34.5538
2.155 35.0525
2.156 35.5425
2.157 36.0236
2.158 36.4958
2.159 36.9588
2.16 37.4125
2.161 37.857
2.162 38.2919
2.163 38.7174
2.164 39.1332
2.165 39.5392
2.166 39.9353
2.167 40.3216
2.168 40.6977
2.169 41.0638
2.17 41.4196
2.171 41.7651
2.172 42.1002
2.173 42.4249
2.174 42.739
2.175 43.0487
2.176 43.4029
2.177 43.7464
2.178 44.0791
2.179 44.4008
2.18 44.7116
2.181 45.0112
2.182 45.2998
2.183 45.5772
2.184 45.8433
2.185 46.098
2.186 46.3414
2.187 46.5734
2.188 46.7939
2.189 47.0029
2.19 47.2004
2.191 47.3862
2.192 47.5604
2.193 47.7229
2.194 47.8737
2.195 48.0128
2.196 48.1402
2.197 48.2558
2.198 48.4521
2.199 48.6408
2.2 48.9413
2.201 49.2387
2.202 49.524
2.203 49.7973
2.204 50.0586
2.205 50.3076
2.206 50.5445
2.207 50.7692
2.208 50.9816
2.209 51.1817
2.21 51.3888
2.211 51.6243
2.212 51.8475
2.213 52.0583
2.214 52.2566
2.215 52.4424
2.216 52.6157
2.217 52.7766
2.218 52.9582
2.219 53.2
2.22 53.4293
2.221 53.646
2.222 53.8502
2.223 54.0417
2.224 54.2206
2.225 54.3869
2.226 54.5405
2.227 54.6815
2.228 54.8099
2.229 54.9257
2.23 55.0289
2.231 55.1195
2.232 55.1976
2.233 55.2631
2.234 55.3161
2.235 55.3567
2.236 55.3848
2.237 55.4005
2.238 55.4039
2.239 55.395
2.24 55.3739
2.241 55.3405
2.242 55.295
2.243 55.2374
2.244 55.1677
2.245 55.0861
2.246 54.9925
2.247 54.8871
2.248 54.77
2.249 54.6766
2.25 54.6553
2.251 54.6224
2.252 54.5779
2.253 54.5218
2.254 54.4542
2.255 54.3751
2.256 54.2846
2.257 54.1827
2.258 54.0693
2.259 53.9446
2.26 53.8086
2.261 53.6613
2.262 53.5028
2.263 53.333
2.264 53.152
2.265 52.9599
2.266 52.7566
2.267 52.5422
2.268 52.3167
2.269 52.0802
2.27 51.8326
2.271 51.6354
2.272 51.472
2.273 51.2977
2.274 51.166
2.275 51.0514
2.276 50.9258
2.277 50.7892
2.278 50.6415
2.279 50.5343
2.28 50.4275
2.281 50.3091
2.282 50.1791
2.283 50.0377
2.284 49.8847
2.285 49.7201
2.286 49.5441
2.287 49.3564
2.288 49.1573
2.289 48.9466
2.29 48.7244
2.291 48.4908
2.292 48.2457
2.293 47.9892
2.294 47.7213
2.295 47.4512
2.296 47.2589
2.297 47.0554
2.298 46.8406
2.299 46.6145
2.3 46.3985
2.301 46.2003
2.302 45.9909
2.303 45.7703
2.304 45.5386
2.305 45.3678
2.306 45.2613
2.307 45.1438
2.308 45.0152
2.309 44.8756
2.31 44.725
2.311 44.5634
2.312 44.3909
2.313 44.2075
2.314 44.0132
2.315 43.8822
2.316 43.7653
2.317 43.6376
2.318 43.5116
2.319 43.4461
2.32 43.3699
2.321 43.283
2.322 43.1853
2.323 43.0769
2.324 42.9577
2.325 42.8279
2.326 42.6875
2.327 42.5364
2.328 42.3747
2.329 42.2025
2.33 42.0198
2.331 41.8265
2.332 41.6229
2.333 41.4834
2.334 41.402
2.335 41.3102
2.336 41.2081
2.337 41.0958
2.338 40.9731
2.339 40.8402
2.34 40.6971
2.341 40.5438
2.342 40.3816
2.343 40.2318
2.344 40.0718
2.345 39.9017
2.346 39.7216
2.347 39.5315
2.348 39.3435
2.349 39.256
2.35 39.1586
2.351 39.1028
2.352 39.1044
2.353 39.0961
2.354 39.078
2.355 39.0501
2.356 39.0123
2.357 38.9647
2.358 38.9074
2.359 38.8402
2.36 38.7633
2.361 38.6767
2.362 38.5803
2.363 38.4742
2.364 38.3584
2.365 38.233
2.366 38.098
2.367 37.9534
2.368 37.7992
2.369 37.6356
2.37 37.4625
2.371 37.28
2.372 37.0881
2.373 36.8869
2.374 36.6764
2.375 36.4567
2.376 36.283
2.377 36.1064
2.378 35.9208
2.379 35.7261
2.38 35.5224
2.381 35.3098
2.382 35.0883
2.383 34.858
2.384 34.6189
2.385 34.3711
2.386 34.1146
2.387 33.8496
2.388 33.6159
2.389 33.4527
2.39 33.2812
2.391 33.1013
2.392 32.913
2.393 32.7806
2.394 32.7282
2.395 32.6677
2.396 32.599
2.397 32.5222
2.398 32.5044
2.399 32.5437
2.4 32.575
2.401 32.5982
2.402 32.6133
2.403 32.6203
2.404 32.6191
2.405 32.6099
2.406 32.5926
2.407 32.5799
2.408 32.6642
2.409 32.7405
2.41 32.8087
2.411 32.8687
2.412 32.9206
2.413 32.9643
2.414 32.9999
2.415 33.0273
2.416 33.0465
2.417 33.1384
2.418 33.2473
2.419 33.348
2.42 33.4405
2.421 33.5247
2.422 33.6007
2.423 33.6684
2.424 33.7278
2.425 33.7789
2.426 33.8217
2.427 33.8562
2.428 33.8824
2.429 33.9003
2.43 33.9099
2.431 33.9113
2.432 33.9081
2.433 34.0188
2.434 34.1212
2.435 34.2154
2.436 34.3012
2.437 34.3787
2.438 34.448
2.439 34.5088
2.44 34.5614
2.441 34.6057
2.442 34.6416
2.443 34.6693
2.444 34.6886
2.445 34.6997
2.446 34.7025
2.447 34.6971
2.448 34.7598
2.449 34.8577
2.45 34.9474
2.451 35.0289
2.452 35.1022
2.453 35.1674
2.454 35.2243
2.455 35.2732
2.456 35.3139
2.457 35.3465
2.458 35.3711
2.459 35.3876
2.46 35.3961
2.461 35.3966
2.462 35.3892
2.463 35.3739
2.464 35.3508
2.465 35.3198
2.466 35.2812
2.467 35.2348
2.468 35.1808
2.469 35.1193
2.47 35.0502
2.471 34.9737
2.472 34.8899
2.473 34.8325
2.474 34.8107
2.475 34.7803
2.476 34.7412
2.477 34.6935
2.478 34.6372
2.479 34.5722
2.48 34.4987
2.481 34.4166
2.482 34.326
2.483 34.2268
2.484 34.184
2.485 34.191
2.486 34.1895
2.487 34.1795
2.488 34.161
2.489 34.134
2.49 34.0986
2.491 34.0547
2.492 34.0024
2.493 33.9416
2.494 33.8781
2.495 33.8989
2.496 33.9112
2.497 33.9151
2.498 33.9106
2.499 33.8977
2.5 33.8763
2.501 33.8466
2.502 33.8084
2.503 33.7619
2.504 33.7069
2.505 33.6436
2.506 33.572
2.507 33.5714
2.508 33.5962
2.509 33.6128
2.51 33.621
2.511 33.6208
2.512 33.6124
2.513 33.5956
2.514 33.6619
2.515 33.7264
2.516 33.7824
2.517 33.8301
2.518 33.8694
2.519 33.9003
2.52 33.9228
2.521 33.9369
2.522 33.9426
2.523 33.9764
2.524 34.0671
2.525 34.1494
2.526 34.2232
2.527 34.2885
2.528 34.3452
2.529 34.3935
2.53 34.4331
2.531 34.4642
2.532 34.4868
2.533 34.5007
2.534 34.5061
2.535 34.5029
2.536 34.4911
2.537 34.4707
2.538 34.4418
2.539 34.4043
2.54 34.3583
2.541 34.3037
2.542 34.2406
2.543 34.1689
2.544 34.1013
2.545 34.0729
2.546 34.0361
2.547 34.0809
2.548 34.1497
2.549 34.21
2.55 34.2619
2.551 34.3053
2.552 34.3402
2.553 34.3667
2.554 34.3847
2.555 34.3942
2.556 34.3952
2.557 34.3876
2.558 34.3717
2.559 34.3472
2.56 34.3142
2.561 34.2727
2.562 34.2228
2.563 34.1645
2.564 34.0977
2.565 34.0224
2.566 33.9388
2.567 33.8468
2.568 33.7464
2.569 33.6377
2.57 33.5207
2.571 33.3953
2.572 33.2618
2.573 33.12
2.574 32.9701
2.575 32.812
2.576 32.6457
2.577 32.4715
2.578 32.3001
2.579 32.1441
2.58 31.9801
2.581 31.8083
2.582 31.6287
2.583 31.4413
2.584 31.2461
2.585 31.0432
2.586 30.8327
2.587 30.6948
2.588 30.588
2.589 30.4737
2.59 30.3519
2.591 30.2225
2.592 30.0858
2.593 29.9415
2.594 29.7899
2.595 29.631
2.596 29.4647
2.597 29.3144
2.598 29.1887
2.599 29.0558
2.6 28.9156
2.601 28.7683
2.602 28.6139
2.603 28.4523
2.604 28.2836
2.605 28.1079
2.606 27.9788
2.607 27.9071
2.608 27.8284
2.609 27.7428
2.61 27.6503
2.611 27.551
2.612 27.4448
2.613 27.3317
2.614 27.2119
2.615 27.0853
2.616 26.9519
2.617 26.8118
2.618 26.6651
2.619 26.5118
2.62 26.3518
2.621 26.1853
2.622 26.0123
2.623 25.8328
2.624 25.6469
2.625 25.4545
2.626 25.2559
2.627 25.051
2.628 24.8398
2.629 24.6225
2.63 24.399
2.631 24.2059
2.632 24.0963
2.633 23.9807
2.634 23.8591
2.635 23.7316
2.636 23.5982
2.637 23.4589
2.638 23.3862
2.639 23.3236
2.64 23.2553
2.641 23.1811
2.642 23.1012
2.643 23.0156
2.644 22.9242
2.645 22.8271
2.646 22.7244
2.647 22.616
2.648 22.502
2.649 22.3824
2.65 22.2573
2.651 22.1266
2.652 21.9904
2.653 21.8488
2.654 21.7017
2.655 21.5492
2.656 21.3914
2.657 21.2283
2.658 21.0599
2.659 20.8862
2.66 20.7074
2.661 20.5234
2.662 20.3343
2.663 20.1401
2.664 19.941
2.665 19.7369
2.666 19.5279
2.667 19.314
2.668 19.1256
2.669 19.0141
2.67 18.8979
2.671 18.777
2.672 18.6514
2.673 18.5212
2.674 18.3864
2.675 18.247
2.676 18.1031
2.677 17.9546
2.678 17.8017
2.679 17.6443
2.68 17.4826
2.681 17.3165
2.682 17.1461
2.683 17.0403
2.684 16.9844
2.685 16.9244
2.686 16.8601
2.687 16.7916
2.688 16.7189
2.689 16.6421
2.69 16.5611
2.691 16.4759
2.692 16.3867
2.693 16.2934
2.694 16.196
2.695 16.0945
2.696 15.9891
2.697 15.8796
2.698 15.7662
2.699 15.6488
2.7 15.5276
2.701 15.4024
2.702 15.2735
2.703 15.1407
2.704 15.0041
2.705 14.8638
2.706 14.7198
2.707 14.6026
2.708 14.5643
2.709 14.5224
2.71 14.4769
2.711 14.4277
2.712 14.3748
2.713 14.3184
2.714 14.2583
2.715 14.1946
2.716 14.1274
2.717 14.0566
2.718 13.9823
2.719 13.9044
2.72 13.8235
2.721 13.8408
2.722 13.8546
2.723 13.865
2.724 13.8718
2.725 13.8752
2.726 13.8752
2.727 13.8716
2.728 13.8646
2.729 13.9327
2.73 14.0152
2.731 14.0943
2.732 14.1698
2.733 14.2417
2.734 14.3101
2.735 14.3749
2.736 14.4361
2.737 14.4937
2.738 14.5476
2.739 14.598
2.74 14.6446
2.741 14.6876
2.742 14.7269
2.743 14.7626
2.744 14.7945
2.745 14.8228
2.746 14.8779
2.747 14.9611
2.748 15.0405
2.749 15.1161
2.75 15.1879
2.751 15.2559
2.752 15.3201
2.753 15.3805
2.754 15.437
2.755 15.4896
2.756 15.5383
2.757 15.5832
2.758 15.6241
2.759 15.6611
2.76 15.6942
2.761 15.7234
2.762 15.7486
2.763 15.7699
2.764 15.7872
2.765 15.8005
2.766 15.8099
2.767 15.8153
2.768 15.8168
2.769 15.8143
2.77 15.8085
2.771 15.9103
2.772 16.0081
2.773 16.1019
2.774 16.1916
2.775 16.2773
2.776 16.3672
2.777 16.4786
2.778 16.5859
2.779 16.689
2.78 16.7879
2.781 16.8826
2.782 16.9731
2.783 17.0593
2.784 17.1412
2.785 17.2189
2.786 17.2922
2.787 17.3611
2.788 17.4257
2.789 17.486
2.79 17.5418
2.791 17.5932
2.792 17.6403
2.793 17.6829
2.794 17.721
2.795 17.7548
2.796 17.784
2.797 17.8088
2.798 17.8885
2.799 18.0183
2.8 18.1905
2.801 18.3583
2.802 18.5214
2.803 18.6798
2.804 18.8336
2.805 18.9826
2.806 19.1269
2.807 19.2664
2.808 19.401
2.809 19.5307
2.81 19.6556
2.811 19.7755
2.812 19.8904
2.813 20.0004
2.814 20.1053
2.815 20.2052
2.816 20.3
2.817 20.3897
2.818 20.4742
2.819 20.5537
2.82 20.628
2.821 20.6971
2.822 20.761
2.823 20.8196
2.824 20.8731
2.825 20.9213
2.826 21.0423
2.827 21.1654
2.828 21.2832
2.829 21.3956
2.83 21.5027
2.831 21.6044
2.832 21.7006
2.833 21.7914
2.834 21.8768
2.835 21.9566
2.836 22.1069
2.837 22.2649
2.838 22.4173
2.839 22.5641
2.84 22.7053
2.841 22.8407
2.842 22.9705
2.843 23.0945
2.844 23.2127
2.845 23.3251
2.846 23.4316
2.847 23.5323
2.848 23.6271
2.849 23.716
2.85 23.7989
2.851 23.8759
2.852 23.9469
2.853 24.087
2.854 24.2292
2.855 24.3654
2.856 24.4955
2.857 24.6194
2.858 24.7371
2.859 24.8487
2.86 24.954
2.861 25.0531
2.862 25.1459
2.863 25.2324
2.864 25.3126
2.865 25.3864
2.866 25.4559
2.867 25.6289
2.868 25.7956
2.869 25.9558
2.87 26.1095
2.871 26.2567
2.872 26.3973
2.873 26.5313
2.874 26.6587
2.875 26.7794
2.876 26.8935
2.877 27.0008
2.878 27.1013
2.879 27.1951
2.88 27.2821
2.881 27.3623
2.882 27.4356
2.883 27.5021
2.884 27.5617
2.885 27.66
2.886 27.7997
2.887 27.9325
2.888 28.0584
2.889 28.1772
2.89 28.289
2.891 28.3937
2.892 28.4913
2.893 28.5819
2.894 28.6653
2.895 28.7415
2.896 28.8106
2.897 28.8725
2.898 28.9272
2.899 28.9747
2.9 29.0149
2.901 29.048
2.902 29.0737
2.903 29.0923
2.904 29.1036
2.905 29.1077
2.906 29.1045
2.907 29.0941
2.908 29.0764
2.909 29.0515
2.91 29.0194
2.911 28.9801
2.912 28.9336
2.913 28.8798
2.914 28.819
2.915 28.7509
2.916 28.6757
2.917 28.5934
2.918 28.5041
2.919 28.4076
2.92 28.3266
2.921 28.2984
2.922 28.2632
2.923 28.2209
2.924 28.1717
2.925 28.1155
2.926 28.0523
2.927 27.9918
2.928 28.0112
2.929 28.0238
2.93 28.0294
2.931 28.0281
2.932 28.0199
2.933 28.0047
2.934 27.9827
2.935 27.9537
2.936 27.9179
2.937 27.8945
2.938 27.9272
2.939 27.953
2.94 27.972
2.941 27.9841
2.942 27.9893
2.943 27.9876
2.944 27.9791
2.945 27.9637
2.946 27.9414
2.947 27.9123
2.948 27.8763
2.949 27.8335
2.95 27.7839
2.951 27.7275
2.952 27.6643
2.953 27.5944
2.954 27.5177
2.955 27.4343
2.956 27.3443
2.957 27.2475
2.958 27.1442
2.959 27.0342
2.96 26.9176
2.961 26.7946
2.962 26.665
2.963 26.5289
2.964 26.3864
2.965 26.2376
2.966 26.1146
2.967 26.031
2.968 25.9411
2.969 25.845
2.97 25.7426
2.971 25.634
2.972 25.5621
2.973 25.5897
2.974 25.6454
2.975 25.6946
2.976 25.7373
2.977 25.7735
2.978 25.8033
2.979 25.8265
2.98 25.8433
2.981 25.8535
2.982 25.8573
2.983 25.8545
2.984 25.8452
2.985 25.8295
2.986 25.8072
2.987 25.8393
2.988 25.9007
2.989 25.9555
2.99 26.0509
2.991 26.1637
2.992 26.2699
2.993 26.3696
2.994 26.4626
2.995 26.5737
2.996 26.7412
2.997 26.902
2.998 27.1065
2.999 27.3274
3 27.5415
3.001 27.7487
3.002 27.9489
3.003 28.1421
3.004 28.3283
3.005 28.5074
3.006 28.6793
3.007 28.8441
3.008 29.0016
3.009 29.1519
3.01 29.2948
3.011 29.4305
3.012 29.5587
3.013 29.6796
3.014 29.793
3.015 29.899
3.016 29.9974
3.017 30.0884
3.018 30.1718
3.019 30.2477
3.02 30.3159
3.021 30.3766
3.022 30.4297
3.023 30.4752
3.024 30.5326
3.025 30.6482
3.026 30.7561
3.027 30.8563
3.028 30.9487
3.029 31.0334
3.03 31.1104
3.031 31.1795
3.032 31.2408
3.033 31.2943
3.034 31.34
3.035 31.3778
3.036 31.4077
3.037 31.4298
3.038 31.4439
3.039 31.4502
3.04 31.496
3.041 31.5626
3.042 31.6213
3.043 31.6721
3.044 31.7149
3.045 31.7497
3.046 31.7766
3.047 31.7955
3.048 31.8064
3.049 31.8093
3.05 31.8042
3.051 31.8107
3.052 31.8725
3.053 31.9263
3.054 31.972
3.055 32.0097
3.056 32.0394
3.057 32.061
3.058 32.0746
3.059 32.0801
3.06 32.0776
3.061 32.067
3.062 32.0484
3.063 32.0217
3.064 31.9869
3.065 31.9441
3.066 31.8934
3.067 31.8345
3.068 31.7677
3.069 31.6929
3.07 31.6102
3.071 31.5195
3.072 31.4209
3.073 31.3144
3.074 31.2
3.075 31.0778
3.076 30.9478
3.077 30.81
3.078 30.6645
3.079 30.5113
3.08 30.3504
3.081 30.1818
3.082 30.0057
3.083 29.8457
3.084 29.7484
3.085 29.6436
3.086 29.5313
3.087 29.4116
3.088 29.2846
3.089 29.1502
3.09 29.0084
3.091 28.8594
3.092 28.7031
3.093 28.5396
3.094 28.3689
3.095 28.1911
3.096 28.0465
3.097 27.9628
3.098 27.8721
3.099 27.7744
3.1 27.6698
3.101 27.5583
3.102 27.4398
3.103 27.3145
3.104 27.1823
3.105 27.0434
3.106 26.8976
3.107 26.7451
3.108 26.5859
3.109 26.4201
3.11 26.2476
3.111 26.1609
3.112 26.0851
3.113 26.0028
3.114 25.9139
3.115 25.8186
3.116 25.7168
3.117 25.6085
3.118 25.5632
3.119 25.5247
3.12 25.4798
3.121 25.4285
3.122 25.3709
3.123 25.3069
3.124 25.2365
3.125 25.1599
3.126 25.0769
3.127 24.9877
3.128 24.8922
3.129 24.8476
3.13 24.8211
3.131 24.7885
3.132 24.7496
3.133 24.7046
3.134 24.6534
3.135 24.596
3.136 24.5988
3.137 24.6113
3.138 24.6177
3.139 24.6179
3.14 24.612
3.141 24.5999
3.142 24.5817
3.143 24.5573
3.144 24.5268
3.145 24.4901
3.146 24.4473
3.147 24.3984
3.148 24.3434
3.149 24.2823
3.15 24.2151
3.151 24.1418
3.152 24.0625
3.153 23.9772
3.154 23.8858
3.155 23.7885
3.156 23.6852
3.157 23.576
3.158 23.4609
3.159 23.3399
3.16 23.2131
3.161 23.0805
3.162 22.9421
3.163 22.7979
3.164 22.7105
3.165 22.6327
3.166 22.5492
3.167 22.4602
3.168 22.3655
3.169 22.2652
3.17 22.1594
3.171 22.048
3.172 21.9953
3.173 21.9532
3.174 22.0017
3.175 22.048
3.176 22.0887
3.177 22.1239
3.178 22.1536
3.179 22.1778
3.18 22.2486
3.181 22.3424
3.182 22.4306
3.183 22.5796
3.184 22.7532
3.185 22.9212
3.186 23.0834
3.187 23.2399
3.188 23.3905
3.189 23.5354
3.19 23.6744
3.191 23.8074
3.192 23.9346
3.193 24.1028
3.194 24.2891
3.195 24.4694
3.196 24.6435
3.197 24.8114
3.198 24.9731
3.199 25.1285
3.2 25.2776
3.201 25.4204
3.202 25.5568
3.203 25.6868
3.204 25.8104
3.205 25.9275
3.206 26.0381
3.207 26.1422
3.208 26.2397
3.209 26.3306
3.21 26.415
3.211 26.4927
3.212 26.5638
3.213 26.6283
3.214 26.686
3.215 26.7371
3.216 26.7815
3.217 26.8192
3.218 26.8502
3.219 26.8745
3.22 26.8921
3.221 26.9029
3.222 26.907
3.223 26.9044
3.224 26.895
3.225 26.879
3.226 26.8562
3.227 26.8267
3.228 26.7905
3.229 26.7477
3.23 26.6981
3.231 26.6419
3.232 26.5791
3.233 26.5096
3.234 26.4336
3.235 26.3509
3.236 26.2617
3.237 26.166
3.238 26.1231
3.239 26.0899
3.24 26.0501
3.241 26.0039
3.242 25.9512
3.243 25.8921
3.244 25.8266
3.245 25.7546
3.246 25.6763
3.247 25.5916
3.248 25.5006
3.249 25.4033
3.25 25.2997
3.251 25.1898
3.252 25.0738
3.253 24.9515
3.254 24.8232
3.255 24.7339
3.256 24.6924
3.257 24.6447
3.258 24.591
3.259 24.5313
3.26 24.4656
3.261 24.3938
3.262 24.3161
3.263 24.2325
3.264 24.1429
3.265 24.0474
3.266 23.9461
3.267 23.839
3.268 23.7261
3.269 23.6074
3.27 23.4883
3.271 23.4422
3.272 23.3904
3.273 23.333
3.274 23.2699
3.275 23.2013
3.276 23.1271
3.277 23.0474
3.278 22.9623
3.279 22.8716
3.28 22.7755
3.281 22.6741
3.282 22.5672
3.283 22.4551
3.284 22.3377
3.285 22.2151
3.286 22.0873
3.287 21.9544
3.288 21.8163
3.289 21.6733
3.29 21.5252
3.291 21.3723
3.292 21.2144
3.293 21.0517
3.294 20.8842
3.295 20.7121
3.296 20.5352
3.297 20.3538
3.298 20.2481
3.299 20.1512
3.3 20.0492
3.301 19.9421
3.302 19.8301
3.303 19.713
3.304 19.5909
3.305 19.4639
3.306 19.332
3.307 19.1953
3.308 19.0537
3.309 18.9575
3.31 18.9162
3.311 18.8701
3.312 18.8193
3.313 18.7637
3.314 18.7034
3.315 18.6929
3.316 18.6866
3.317 18.6756
3.318 18.6599
3.319 18.6395
3.32 18.6144
3.321 18.5846
3.322 18.5502
3.323 18.511
3.324 18.4672
3.325 18.4188
3.326 18.3657
3.327 18.308
3.328 18.3145
3.329 18.3289
3.33 18.3386
3.331 18.3437
3.332 18.3441
3.333 18.34
3.334 18.3312
3.335 18.3178
3.336 18.2997
3.337 18.2771
3.338 18.2498
3.339 18.218
3.34 18.1815
3.341 18.1881
3.342 18.2055
3.343 18.2183
3.344 18.2266
3.345 18.2303
3.346 18.2294
3.347 18.2239
3.348 18.2138
3.349 18.1991
3.35 18.1799
3.351 18.1561
3.352 18.1278
3.353 18.0949
3.354 18.0574
3.355 18.0155
3.356 17.969
3.357 17.918
3.358 17.8625
3.359 17.8025
3.36 17.738
3.361 17.6691
3.362 17.5958
3.363 17.5181
3.364 17.4359
3.365 17.3494
3.366 17.2586
3.367 17.1634
3.368 17.0639
3.369 16.9602
3.37 16.8522
3.371 16.74
3.372 16.692
3.373 16.6707
3.374 16.6454
3.375 16.6158
3.376 16.5822
3.377 16.5466
3.378 16.5856
3.379 16.6205
3.38 16.6513
3.381 16.6779
3.382 16.7004
3.383 16.7187
3.384 16.7328
3.385 16.7429
3.386 16.7487
3.387 16.7504
3.388 16.7479
3.389 16.7413
3.39 16.7306
3.391 16.7156
3.392 16.6966
3.393 16.6734
3.394 16.6461
3.395 16.6146
3.396 16.5791
3.397 16.6021
3.398 16.6235
3.399 16.6408
3.4 16.654
3.401 16.663
3.402 16.668
3.403 16.6688
3.404 16.6655
3.405 16.6581
3.406 16.6466
3.407 16.631
3.408 16.6113
3.409 16.5875
3.41 16.5596
3.411 16.5277
3.412 16.4916
3.413 16.4516
3.414 16.4075
3.415 16.3593
3.416 16.3072
3.417 16.251
3.418 16.1909
3.419 16.1269
3.42 16.0588
3.421 15.9869
3.422 15.9111
3.423 15.8314
3.424 15.7478
3.425 15.6604
3.426 15.5692
3.427 15.4742
3.428 15.3755
3.429 15.273
3.43 15.1669
3.431 15.057
3.432 14.9436
3.433 14.8265
3.434 14.7059
3.435 14.5818
3.436 14.4541
3.437 14.323
3.438 14.1884
3.439 14.0505
3.44 13.9092
3.441 13.7646
3.442 13.6167
3.443 13.4656
3.444 13.3113
3.445 13.1538
3.446 12.9933
3.447 12.8297
3.448 12.663
3.449 12.4934
3.45 12.3209
3.451 12.1456
3.452 12.015
3.453 11.9328
3.454 11.8478
3.455 11.7601
3.456 11.6696
3.457 11.5765
3.458 11.4806
3.459 11.3821
3.46 11.2809
3.461 11.1771
3.462 11.0708
3.463 10.9619
3.464 10.8505
3.465 10.7366
3.466 10.6203
3.467 10.5015
3.468 10.395
3.469 10.3244
3.47 10.325
3.471 10.3232
3.472 10.3191
3.473 10.3127
3.474 10.3039
3.475 10.2927
3.476 10.2793
3.477 10.2635
3.478 10.2453
3.479 10.2249
3.48 10.2021
3.481 10.177
3.482 10.1497
3.483 10.12
3.484 10.088
3.485 10.0538
3.486 10.0172
3.487 9.97842
3.488 9.93737
3.489 9.89407
3.49 9.84853
3.491 9.80076
3.492 9.75079
3.493 9.6986
3.494 9.64423
3.495 9.58767
3.496 9.52895
3.497 9.46808
3.498 9.40507
3.499 9.33993
3.5 9.27268
3.501 9.20334
3.502 9.13193
3.503 9.05844
3.504 8.98292
3.505 8.90536
3.506 8.82579
3.507 8.74423
3.508 8.66069
3.509 8.5752
3.51 8.48777
3.511 8.39842
3.512 8.30718
3.513 8.26378
3.514 8.23246
3.515 8.19928
3.516 8.16425
3.517 8.12737
3.518 8.08866
3.519 8.04812
3.52 8.00575
3.521 7.96157
3.522 7.91558
3.523 7.86779
3.524 7.81822
3.525 7.76686
3.526 7.71374
3.527 7.65886
3.528 7.60224
3.529 7.54388
3.53 7.48379
3.531 7.422
3.532 7.35851
3.533 7.29333
3.534 7.22648
3.535 7.15798
3.536 7.08783
3.537 7.01606
3.538 6.94267
3.539 6.86769
3.54 6.79113
3.541 6.713
3.542 6.63333
3.543 6.55214
3.544 6.46943
3.545 6.38523
3.546 6.29955
3.547 6.21243
3.548 6.12386
3.549 6.03389
3.55 5.94251
3.551 5.84977
3.552 5.75567
3.553 5.66024
3.554 5.5635
3.555 5.46547
3.556 5.36618
3.557 5.26564
3.558 5.16389
3.559 5.06094
3.56 4.95682
3.561 4.87227
3.562 4.82108
3.563 4.76871
3.564 4.71517
3.565 4.66047
3.566 4.60462
3.567 4.54987
3.568 4.52665
3.569 4.50234
3.57 4.47696
3.571 4.4505
3.572 4.42298
3.573 4.3944
3.574 4.36478
3.575 4.33411
3.576 4.3024
3.577 4.26967
3.578 4.23592
3.579 4.20117
3.58 4.16541
3.581 4.12866
3.582 4.09092
3.583 4.05222
3.584 4.01255
3.585 3.97193
3.586 3.93037
3.587 3.88787
3.588 3.84445
3.589 3.80013
3.59 3.7549
3.591 3.70879
3.592 3.6618
3.593 3.61394
3.594 3.58092
3.595 3.59605
3.596 3.61032
3.597 3.62375
3.598 3.63631
3.599 3.66527
3.6 3.74098
3.601 3.81578
3.602 3.88965
3.603 3.96258
3.604 4.03455
3.605 4.10554
3.606 4.17554
3.607 4.24452
3.608 4.31247
3.609 4.37937
3.61 4.4452
3.611 4.50996
3.612 4.57362
3.613 4.63616
3.614 4.69757
3.615 4.75784
3.616 4.81695
3.617 4.92926
3.618 5.05779
3.619 5.18509
3.62 5.31113
3.621 5.43586
3.622 5.55927
3.623 5.68132
3.624 5.80198
3.625 5.92121
3.626 6.039
3.627 6.15531
3.628 6.27011
3.629 6.38337
3.63 6.49507
3.631 6.60517
3.632 6.71365
3.633 6.82049
3.634 6.92565
3.635 7.02911
3.636 7.13084
3.637 7.23082
3.638 7.32902
3.639 7.42542
3.64 7.52
3.641 7.61272
3.642 7.70358
3.643 7.79254
3.644 7.87958
3.645 7.96468
3.646 8.04782
3.647 8.12899
3.648 8.20815
3.649 8.28528
3.65 8.36038
3.651 8.43342
3.652 8.50439
3.653 8.57325
3.654 8.64001
3.655 8.70464
3.656 8.76712
3.657 8.83501
3.658 8.93744
3.659 9.03769
3.66 9.13573
3.661 9.23154
3.662 9.32509
3.663 9.41636
3.664 9.50533
3.665 9.59198
3.666 9.67629
3.667 9.75823
3.668 9.83778
3.669 9.91493
3.67 9.98966
3.671 10.0801
3.672 10.1937
3.673 10.3049
3.674 10.4134
3.675 10.5194
3.676 10.6229
3.677 10.7237
3.678 10.8218
3.679 10.9173
3.68 11.0101
3.681 11.1002
3.682 11.1875
3.683 11.2721
3.684 11.3539
3.685 11.4329
3.686 11.5091
3.687 11.5824
3.688 11.6529
3.689 11.7205
3.69 11.7852
3.691 11.8471
3.692 11.906
3.693 11.9619
3.694 12.015
3.695 12.065
3.696 12.1121
3.697 12.1562
3.698 12.1974
3.699 12.2355
3.7 12.2706
3.701 12.3027
3.702 12.3317
3.703 12.3577
3.704 12.3807
3.705 12.4006
3.706 12.4175
3.707 12.4313
3.708 12.4421
3.709 12.4498
3.71 12.4545
3.711 12.456
3.712 12.4545
3.713 12.45
3.714 12.4424
3.715 12.4317
3.716 12.418
3.717 12.4012
3.718 12.3814
3.719 12.3586
3.72 12.3327
3.721 12.3037
3.722 12.3368
3.723 12.3739
3.724 12.4079
3.725 12.4389
3.726 12.4668
3.727 12.4917
3.728 12.5135
3.729 12.5322
3.73 12.5479
3.731 12.5605
3.732 12.57
3.733 12.5764
3.734 12.5797
3.735 12.5799
3.736 12.5771
3.737 12.5712
3.738 12.5621
3.739 12.55
3.74 12.5349
3.741 12.5166
3.742 12.4953
3.743 12.4709
3.744 12.4434
3.745 12.4129
3.746 12.3794
3.747 12.3428
3.748 12.3032
3.749 12.2606
3.75 12.215
3.751 12.1664
3.752 12.1147
3.753 12.0602
3.754 12.0026
3.755 11.9422
3.756 11.8788
3.757 11.8125
3.758 11.7433
3.759 11.6712
3.76 11.5963
3.761 11.5185
3.762 11.4379
3.763 11.3545
3.764 11.2684
3.765 11.1794
3.766 11.0878
3.767 10.9934
3.768 10.8963
3.769 10.7966
3.77 10.6942
3.771 10.5892
3.772 10.5043
3.773 10.429
3.774 10.3511
3.775 10.2707
3.776 10.1877
3.777 10.1023
3.778 10.0143
3.779 9.92384
3.78 9.83094
3.781 9.73562
3.782 9.6379
3.783 9.53781
3.784 9.43536
3.785 9.33058
3.786 9.2235
3.787 9.11415
3.788 9.00255
3.789 8.88873
3.79 8.77273
3.791 8.65455
3.792 8.53425
3.793 8.41184
3.794 8.28736
3.795 8.16084
3.796 8.06598
3.797 8.00017
3.798 7.9324
3.799 7.8627
3.8 7.79107
3.801 7.71754
3.802 7.64212
3.803 7.56484
3.804 7.48571
3.805 7.40475
3.806 7.32198
3.807 7.23743
3.808 7.15111
3.809 7.06304
3.81 6.97325
3.811 6.88176
3.812 6.78859
3.813 6.69376
3.814 6.5973
3.815 6.55118
3.816 6.59612
3.817 6.63946
3.818 6.68117
3.819 6.72126
3.82 6.75971
3.821 6.79651
3.822 6.83165
3.823 6.86513
3.824 6.89693
3.825 6.92705
3.826 6.95547
3.827 6.9822
3.828 7.00722
3.829 7.03053
3.83 7.05212
3.831 7.07198
3.832 7.09012
3.833 7.10652
3.834 7.12119
3.835 7.13411
3.836 7.14528
3.837 7.15471
3.838 7.16239
3.839 7.16831
3.84 7.17247
3.841 7.17488
3.842 7.17553
3.843 7.17443
3.844 7.17156
3.845 7.16694
3.846 7.16056
3.847 7.15243
3.848 7.14254
3.849 7.1309
3.85 7.11751
3.851 7.10238
3.852 7.0855
3.853 7.06689
3.854 7.04654
3.855 7.02446
3.856 7.00066
3.857 6.97514
3.858 6.94791
3.859 6.91898
3.86 6.88834
3.861 6.85602
3.862 6.82201
3.863 6.78633
3.864 6.7692
3.865 6.77419
3.866 6.77748
3.867 6.77908
3.868 6.77898
3.869 6.77719
3.87 6.77371
3.871 6.76853
3.872 6.76166
3.873 6.7531
3.874 6.74286
3.875 6.73092
3.876 6.71731
3.877 6.70201
3.878 6.68504
3.879 6.6664
3.88 6.6461
3.881 6.62413
3.882 6.6005
3.883 6.57523
3.884 6.54831
3.885 6.51976
3.886 6.48958
3.887 6.45777
3.888 6.42435
3.889 6.38932
3.89 6.3527
3.891 6.31449
3.892 6.2747
3.893 6.23334
3.894 6.19043
3.895 6.14596
3.896 6.09997
3.897 6.08696
3.898 6.08976
3.899 6.09105
3.9 6.09083
3.901 6.08909
3.902 6.08583
3.903 6.08106
3.904 6.07478
3.905 6.06698
3.906 6.05768
3.907 6.04687
3.908 6.03456
3.909 6.02074
3.91 6.00543
3.911 5.98862
3.912 5.97032
3.913 5.95054
3.914 5.92928
3.915 5.90654
3.916 5.88234
3.917 5.85667
3.918 5.82954
3.919 5.80097
3.92 5.78801
3.921 5.82862
3.922 5.86777
3.923 5.90547
3.924 5.94169
3.925 5.97644
3.926 6.0097
3.927 6.04146
3.928 6.07172
3.929 6.10047
3.93 6.1277
3.931 6.1534
3.932 6.17758
3.933 6.20021
3.934 6.2213
3.935 6.24084
3.936 6.25883
3.937 6.27526
3.938 6.29013
3.939 6.30343
3.94 6.31516
3.941 6.32532
3.942 6.33391
3.943 6.34092
3.944 6.34635
3.945 6.3502
3.946 6.35247
3.947 6.35315
3.948 6.35226
3.949 6.34978
3.95 6.34572
3.951 6.36556
3.952 6.40772
3.953 6.44829
3.954 6.48726
3.955 6.52463
3.956 6.56037
3.957 6.59449
3.958 6.62698
3.959 6.65782
3.96 6.68701
3.961 6.71455
3.962 6.74042
3.963 6.76462
3.964 6.78714
3.965 6.80798
3.966 6.82713
3.967 6.84459
3.968 6.86035
3.969 6.8744
3.97 6.88676
3.971 6.8974
3.972 6.90634
3.973 6.91356
3.974 6.91907
3.975 6.92286
3.976 6.92494
3.977 6.9253
3.978 6.92394
3.979 6.92086
3.98 6.91607
3.981 6.90956
3.982 6.90134
3.983 6.89141
3.984 6.87976
3.985 6.86642
3.986 6.85137
3.987 6.83462
3.988 6.81617
3.989 6.79604
3.99 6.77422
3.991 6.75072
3.992 6.72554
3.993 6.6987
3.994 6.6702
3.995 6.64004
3.996 6.60824
3.997 6.5748
3.998 6.53973
3.999 6.50304
4 6.46474
4.001 6.42484
4.002 6.38334
4.003 6.34026
4.004 6.29561
4.005 6.2494
4.006 6.20165
4.007 6.17355
4.008 6.14542
4.009 6.1158
4.01 6.08469
4.011 6.0521
4.012 6.01804
4.013 5.98251
4.014 6.00409
4.015 6.0385
4.016 6.07143
4.017 6.10289
4.018 6.13286
4.019 6.16133
4.02 6.18831
4.021 6.21378
4.022 6.23773
4.023 6.26017
4.024 6.28108
4.025 6.30045
4.026 6.3183
4.027 6.3346
4.028 6.34935
4.029 6.36256
4.03 6.37422
4.031 6.38433
4.032 6.39287
4.033 6.39986
4.034 6.40529
4.035 6.40916
4.036 6.41146
4.037 6.4122
4.038 6.41137
4.039 6.40899
4.04 6.40504
4.041 6.39952
4.042 6.39245
4.043 6.38382
4.044 6.37363
4.045 6.36188
4.046 6.34859
4.047 6.33375
4.048 6.31736
4.049 6.29943
4.05 6.27997
4.051 6.25898
4.052 6.23646
4.053 6.21242
4.054 6.18687
4.055 6.15981
4.056 6.13125
4.057 6.10119
4.058 6.06965
4.059 6.03664
4.06 6.00215
4.061 5.9662
4.062 5.9288
4.063 5.88995
4.064 5.84967
4.065 5.80797
4.066 5.76486
4.067 5.72034
4.068 5.67444
4.069 5.62715
4.07 5.5785
4.071 5.52849
4.072 5.47714
4.073 5.42446
4.074 5.37046
4.075 5.31516
4.076 5.25856
4.077 5.2007
4.078 5.14157
4.079 5.0812
4.08 5.01959
4.081 4.95677
4.082 4.89276
4.083 4.82755
4.084 4.76118
4.085 4.69366
4.086 4.625
4.087 4.56533
4.088 4.54665
4.089 4.52688
4.09 4.50604
4.091 4.48413
4.092 4.46115
4.093 4.43711
4.094 4.41202
4.095 4.38588
4.096 4.3591
4.097 4.38271
4.098 4.40528
4.099 4.42679
4.1 4.44724
4.101 4.46663
4.102 4.48495
4.103 4.5022
4.104 4.51837
4.105 4.53345
4.106 4.54745
4.107 4.56036
4.108 4.57218
4.109 4.5829
4.11 4.59253
4.111 4.60105
4.112 4.60847
4.113 4.61479
4.114 4.62
4.115 4.6241
4.116 4.62709
4.117 4.62898
4.118 4.62975
4.119 4.62941
4.12 4.62797
4.121 4.62541
4.122 4.62174
4.123 4.62369
4.124 4.67021
4.125 4.71562
4.126 4.75989
4.127 4.80303
4.128 4.845
4.129 4.88581
4.13 4.92545
4.131 4.9639
4.132 5.00116
4.133 5.03721
4.134 5.07205
4.135 5.10567
4.136 5.13805
4.137 5.1692
4.138 5.1991
4.139 5.22775
4.14 5.25513
4.141 5.28125
4.142 5.30609
4.143 5.32965
4.144 5.35193
4.145 5.37291
4.146 5.39259
4.147 5.41097
4.148 5.42804
4.149 5.4438
4.15 5.45824
4.151 5.50477
4.152 5.56591
4.153 5.62569
4.154 5.68411
4.155 5.74114
4.156 5.79677
4.157 5.9388
4.158 6.10543
4.159 6.27059
4.16 6.43424
4.161 6.59633
4.162 6.75682
4.163 6.91567
4.164 7.07285
4.165 7.22831
4.166 7.38202
4.167 7.53393
4.168 7.68401
4.169 7.83222
4.17 7.97853
4.171 8.12289
4.172 8.26527
4.173 8.40564
4.174 8.54395
4.175 8.68019
4.176 8.8143
4.177 8.94626
4.178 9.07603
4.179 9.20359
4.18 9.3289
4.181 9.45192
4.182 9.57264
4.183 9.69101
4.184 9.80701
4.185 9.9206
4.186 10.0318
4.187 10.1405
4.188 10.2467
4.189 10.3504
4.19 10.4516
4.191 10.5502
4.192 10.6462
4.193 10.7397
4.194 10.8304
4.195 10.9186
4.196 11.004
4.197 11.0867
4.198 11.1668
4.199 11.244
4.2 11.3185
4.201 11.3903
4.202 11.4592
4.203 11.5253
4.204 11.5886
4.205 11.6491
4.206 11.7067
4.207 11.7614
4.208 11.8132
4.209 11.8621
4.21 11.9081
4.211 11.9511
4.212 11.9913
4.213 12.0284
4.214 12.0741
4.215 12.1281
4.216 12.1792
4.217 12.2272
4.218 12.2721
4.219 12.3141
4.22 12.3529
4.221 12.3888
4.222 12.4215
4.223 12.4512
4.224 12.4777
4.225 12.5012
4.226 12.5216
4.227 12.5389
4.228 12.5872
4.229 12.6737
4.23 12.7571
4.231 12.8373
4.232 12.9143
4.233 12.9881
4.234 13.0586
4.235 13.1258
4.236 13.1898
4.237 13.2504
4.238 13.3078
4.239 13.3618
4.24 13.4125
4.241 13.4598
4.242 13.5038
4.243 13.5443
4.244 13.5815
4.245 13.6153
4.246 13.6457
4.247 13.6727
4.248 13.6963
4.249 13.7164
4.25 13.7331
4.251 13.7464
4.252 13.7562
4.253 13.7626
4.254 13.7656
4.255 13.7651
4.256 13.7612
4.257 13.7538
4.258 13.743
4.259 13.7288
4.26 13.7111
4.261 13.6901
4.262 13.6655
4.263 13.6376
4.264 13.6063
4.265 13.5715
4.266 13.5334
4.267 13.4919
4.268 13.447
4.269 13.3988
4.27 13.3472
4.271 13.2923
4.272 13.2341
4.273 13.1725
4.274 13.1077
4.275 13.0396
4.276 12.9683
4.277 12.8937
4.278 12.8159
4.279 12.7349
4.28 12.6507
4.281 12.5634
4.282 12.4729
4.283 12.3794
4.284 12.2827
4.285 12.183
4.286 12.0803
4.287 11.9745
4.288 11.8829
4.289 11.8234
4.29 11.7609
4.291 11.6955
4.292 11.6272
4.293 11.556
4.294 11.4818
4.295 11.4049
4.296 11.325
4.297 11.2424
4.298 11.1636
4.299 11.1544
4.3 11.1425
4.301 11.1277
4.302 11.1102
4.303 11.09
4.304 11.0669
4.305 11.0411
4.306 11.0126
4.307 10.9813
4.308 10.9473
4.309 10.9106
4.31 10.8711
4.311 10.829
4.312 10.7842
4.313 10.7367
4.314 10.6866
4.315 10.6338
4.316 10.5784
4.317 10.5204
4.318 10.4599
4.319 10.3967
4.32 10.331
4.321 10.2731
4.322 10.2551
4.323 10.2345
4.324 10.2115
4.325 10.186
4.326 10.1581
4.327 10.1277
4.328 10.1388
4.329 10.1573
4.33 10.1735
4.331 10.1872
4.332 10.1986
4.333 10.2076
4.334 10.2142
4.335 10.2185
4.336 10.2204
4.337 10.2199
4.338 10.2171
4.339 10.212
4.34 10.2046
4.341 10.1948
4.342 10.1828
4.343 10.1684
4.344 10.1518
4.345 10.133
4.346 10.1119
4.347 10.0886
4.348 10.0631
4.349 10.0355
4.35 10.0418
4.351 10.0567
4.352 10.0695
4.353 10.0802
4.354 10.0888
4.355 10.0953
4.356 10.0998
4.357 10.207
4.358 10.3213
4.359 10.4335
4.36 10.5437
4.361 10.6519
4.362 10.758
4.363 10.872
4.364 11.0066
4.365 11.1392
4.366 11.2699
4.367 11.3985
4.368 11.525
4.369 11.6496
4.37 11.876
4.371 12.1032
4.372 12.3284
4.373 12.5515
4.374 12.7727
4.375 12.9918
4.376 13.2088
4.377 13.4238
4.378 13.6368
4.379 13.8477
4.38 14.0566
4.381 14.2635
4.382 14.4683
4.383 14.6711
4.384 14.872
4.385 15.0708
4.386 15.2676
4.387 15.4625
4.388 15.6555
4.389 15.8465
4.39 16.0356
4.391 16.2228
4.392 16.4081
4.393 16.5916
4.394 16.8241
4.395 17.1571
4.396 17.4881
4.397 17.8173
4.398 18.1445
4.399 18.4698
4.4 18.793
4.401 19.1142
4.402 19.4333
4.403 19.7503
4.404 20.0652
4.405 20.3778
4.406 20.6882
4.407 20.9963
4.408 21.302
4.409 21.6052
4.41 21.9059
4.411 22.2041
4.412 22.4995
4.413 22.7923
4.414 23.0821
4.415 23.3691
4.416 23.653
4.417 23.9338
4.418 24.2114
4.419 24.4856
4.42 24.7564
4.421 25.0237
4.422 25.2872
4.423 25.547
4.424 25.8029
4.425 26.0547
4.426 26.3024
4.427 26.5458
4.428 26.7864
4.429 27.037
4.43 27.283
4.431 27.5242
4.432 27.7605
4.433 27.9918
4.434 28.2179
4.435 28.4388
4.436 28.6543
4.437 28.8643
4.438 29.0687
4.439 29.2674
4.44 29.4603
4.441 29.6472
4.442 29.828
4.443 30.0028
4.444 30.1713
4.445 30.3334
4.446 30.4892
4.447 30.6384
4.448 30.7811
4.449 30.917
4.45 31.0463
4.451 31.1687
4.452 31.2842
4.453 31.3927
4.454 31.4942
4.455 31.5886
4.456 31.6759
4.457 31.7559
4.458 31.8287
4.459 31.8942
4.46 31.9524
4.461 32.0031
4.462 32.0465
4.463 32.0824
4.464 32.1107
4.465 32.1316
4.466 32.1449
4.467 32.1506
4.468 32.1487
4.469 32.1392
4.47 32.1221
4.471 32.0973
4.472 32.0649
4.473 32.0248
4.474 31.977
4.475 31.9216
4.476 31.8585
4.477 31.7878
4.478 31.7093
4.479 31.6233
4.48 31.5296
4.481 31.4282
4.482 31.3193
4.483 31.2027
4.484 31.0786
4.485 30.947
4.486 30.8078
4.487 30.6611
4.488 30.5069
4.489 30.3453
4.49 30.1763
4.491 30
4.492 29.8163
4.493 29.6253
4.494 29.427
4.495 29.2216
4.496 29.0235
4.497 28.8829
4.498 28.7352
4.499 28.5804
4.5 28.4187
4.501 28.25
4.502 28.0999
4.503 27.9678
4.504 27.8289
4.505 27.6831
4.506 27.5306
4.507 27.3713
4.508 27.2052
4.509 27.0325
4.51 26.8531
4.511 26.6671
4.512 26.4745
4.513 26.2755
4.514 26.0699
4.515 25.858
4.516 25.6397
4.517 25.415
4.518 25.1841
4.519 24.9471
4.52 24.7038
4.521 24.4545
4.522 24.1992
4.523 23.9379
4.524 23.6707
4.525 23.3976
4.526 23.1188
4.527 22.8344
4.528 22.5442
4.529 22.276
4.53 22.0243
4.531 21.7671
4.532 21.5047
4.533 21.2568
4.534 21.0375
4.535 20.8129
4.536 20.5832
4.537 20.3484
4.538 20.1085
4.539 19.8636
4.54 19.6137
4.541 19.3655
4.542 19.1457
4.543 18.9212
4.544 18.6919
4.545 18.458
4.546 18.2196
4.547 17.9766
4.548 17.7291
4.549 17.5194
4.55 17.31
4.551 17.0963
4.552 16.8783
4.553 16.6561
4.554 16.4298
4.555 16.1994
4.556 15.965
4.557 15.7266
4.558 15.4842
4.559 15.2381
4.56 14.9881
4.561 14.7344
4.562 14.477
4.563 14.2161
4.564 13.9516
4.565 13.6836
4.566 13.4365
4.567 13.1944
4.568 12.949
4.569 12.7329
4.57 12.5876
4.571 12.4392
4.572 12.2876
4.573 12.133
4.574 11.9753
4.575 11.8145
4.576 11.6509
4.577 11.4842
4.578 11.3147
4.579 11.1424
4.58 10.9672
4.581 10.7893
4.582 10.6087
4.583 10.4254
4.584 10.2395
4.585 10.051
4.586 9.85992
4.587 9.66639
4.588 9.47043
4.589 9.27208
4.59 9.07139
4.591 8.86842
4.592 8.76243
4.593 8.708
4.594 8.65138
4.595 8.59261
4.596 8.53169
4.597 8.46864
4.598 8.4073
4.599 8.44119
4.6 8.47297
4.601 8.50264
4.602 8.53019
4.603 8.5556
4.604 8.57888
4.605 8.60002
4.606 8.61901
4.607 8.63584
4.608 8.65052
4.609 8.66304
4.61 8.6734
4.611 8.68159
4.612 8.68762
4.613 8.69147
4.614 8.69315
4.615 8.69267
4.616 8.69001
4.617 8.68518
4.618 8.67818
4.619 8.66902
4.62 8.65769
4.621 8.6442
4.622 8.62856
4.623 8.61075
4.624 8.63727
4.625 8.69478
4.626 8.7501
4.627 8.8107
4.628 8.87777
4.629 8.9426
4.63 9.00518
4.631 9.0655
4.632 9.12354
4.633 9.17929
4.634 9.23273
4.635 9.28385
4.636 9.33263
4.637 9.37907
4.638 9.42315
4.639 9.46486
4.64 9.5042
4.641 9.54114
4.642 9.57569
4.643 9.60783
4.644 9.63756
4.645 9.66486
4.646 9.68974
4.647 9.71218
4.648 9.73218
4.649 9.74973
4.65 9.76484
4.651 9.77749
4.652 9.78768
4.653 9.79541
4.654 9.80069
4.655 9.8035
4.656 9.80384
4.657 9.80173
4.658 9.79715
4.659 9.79011
4.66 9.78061
4.661 9.76865
4.662 9.75423
4.663 9.73737
4.664 9.71806
4.665 9.69631
4.666 9.67212
4.667 9.6455
4.668 9.61646
4.669 9.585
4.67 9.55114
4.671 9.51487
4.672 9.47621
4.673 9.43518
4.674 9.39177
4.675 9.346
4.676 9.29788
4.677 9.29002
4.678 9.28257
4.679 9.27279
4.68 9.26068
4.681 9.24624
4.682 9.22948
4.683 9.21039
4.684 9.189
4.685 9.16529
4.686 9.13928
4.687 9.11098
4.688 9.08038
4.689 9.04751
4.69 9.01236
4.691 8.97494
4.692 8.93528
4.693 8.89336
4.694 8.84921
4.695 8.80284
4.696 8.75426
4.697 8.70347
4.698 8.6505
4.699 8.59536
4.7 8.53806
4.701 8.50946
4.702 8.49834
4.703 8.4851
4.704 8.46971
4.705 8.4522
4.706 8.43256
4.707 8.4108
4.708 8.38692
4.709 8.36094
4.71 8.33285
4.711 8.30267
4.712 8.2704
4.713 8.23605
4.714 8.19963
4.715 8.16115
4.716 8.12061
4.717 8.07803
4.718 8.03619
4.719 8.04005
4.72 8.04192
4.721 8.04181
4.722 8.0397
4.723 8.0356
4.724 8.02951
4.725 8.02144
4.726 8.01138
4.727 8.01293
4.728 8.04845
4.729 8.08199
4.73 8.11352
4.731 8.14305
4.732 8.17056
4.733 8.19606
4.734 8.21953
4.735 8.24097
4.736 8.26037
4.737 8.27773
4.738 8.29305
4.739 8.30631
4.74 8.31753
4.741 8.34542
4.742 8.39205
4.743 8.43661
4.744 8.47907
4.745 8.51943
4.746 8.55767
4.747 8.59379
4.748 8.62778
4.749 8.65962
4.75 8.68932
4.751 8.71686
4.752 8.74224
4.753 8.76545
4.754 8.78648
4.755 8.80533
4.756 8.822
4.757 8.83648
4.758 8.84877
4.759 8.89302
4.76 8.93927
4.761 8.9833
4.762 9.02512
4.763 9.06469
4.764 9.10202
4.765 9.1371
4.766 9.16991
4.767 9.20045
4.768 9.22871
4.769 9.25469
4.77 9.27837
4.771 9.29976
4.772 9.31884
4.773 9.33562
4.774 9.35008
4.775 9.36222
4.776 9.37205
4.777 9.37956
4.778 9.38474
4.779 9.38761
4.78 9.38814
4.781 9.38635
4.782 9.38224
4.783 9.37581
4.784 9.36705
4.785 9.35598
4.786 9.34258
4.787 9.32688
4.788 9.30887
4.789 9.28855
4.79 9.26594
4.791 9.24103
4.792 9.21384
4.793 9.18437
4.794 9.15262
4.795 9.11862
4.796 9.08235
4.797 9.04384
4.798 9.0031
4.799 8.96012
4.8 8.91494
4.801 8.86755
4.802 8.81796
4.803 8.7662
4.804 8.71227
4.805 8.65619
4.806 8.59798
4.807 8.53764
4.808 8.47519
4.809 8.41064
4.81 8.34403
4.811 8.30911
4.812 8.32711
4.813 8.42254
4.814 8.53421
4.815 8.6438
4.816 8.75128
4.817 8.85663
4.818 8.95983
4.819 9.06084
4.82 9.15964
4.821 9.28684
4.822 9.46048
4.823 9.63182
4.824 9.80082
4.825 10.0215
4.826 10.2582
4.827 10.4924
4.828 10.7241
4.829 10.9715
4.83 11.2405
4.831 11.5067
4.832 11.77
4.833 12.0305
4.834 12.288
4.835 12.5425
4.836 12.794
4.837 13.0423
4.838 13.2873
4.839 13.5292
4.84 13.7677
4.841 14.0028
4.842 14.2344
4.843 14.4626
4.844 14.6872
4.845 14.9082
4.846 15.1255
4.847 15.3391
4.848 15.5489
4.849 15.7549
4.85 15.957
4.851 16.1551
4.852 16.3493
4.853 16.5394
4.854 16.7255
4.855 16.9075
4.856 17.1355
4.857 17.4212
4.858 17.7025
4.859 17.9795
4.86 18.252
4.861 18.5201
4.862 18.7836
4.863 19.0424
4.864 19.2965
4.865 19.5459
4.866 19.7904
4.867 20.0301
4.868 20.2648
4.869 20.4945
4.87 20.7191
4.871 20.9386
4.872 21.153
4.873 21.3621
4.874 21.5659
4.875 21.7847
4.876 22.0232
4.877 22.2562
4.878 22.4836
4.879 22.7056
4.88 22.9219
4.881 23.1325
4.882 23.3374
4.883 23.5366
4.884 23.7299
4.885 23.9173
4.886 24.0988
4.887 24.2744
4.888 24.4439
4.889 24.6074
4.89 24.7647
4.891 24.916
4.892 25.0611
4.893 25.1999
4.894 25.3326
4.895 25.4589
4.896 25.579
4.897 25.6927
4.898 25.8
4.899 25.9009
4.9 25.9955
4.901 26.0836
4.902 26.1652
4.903 26.2403
4.904 26.3089
4.905 26.371
4.906 26.4266
4.907 26.4756
4.908 26.5181
4.909 26.554
4.91 26.5833
4.911 26.606
4.912 26.6221
4.913 26.6316
4.914 26.6346
4.915 26.6309
4.916 26.6206
4.917 26.6037
4.918 26.5802
4.919 26.5501
4.92 26.5135
4.921 26.4703
4.922 26.4266
4.923 26.4205
4.924 26.4079
4.925 26.3886
4.926 26.3628
4.927 26.3304
4.928 26.2915
4.929 26.246
4.93 26.194
4.931 26.1354
4.932 26.0703
4.933 25.9988
4.934 25.9207
4.935 25.8362
4.936 25.7452
4.937 25.6478
4.938 25.5441
4.939 25.4339
4.94 25.3175
4.941 25.1947
4.942 25.0656
4.943 24.9303
4.944 24.7888
4.945 24.6411
4.946 24.4873
4.947 24.3273
4.948 24.1613
4.949 23.9893
4.95 23.8113
4.951 23.6274
4.952 23.4375
4.953 23.2419
4.954 23.0404
4.955 22.8332
4.956 22.6203
4.957 22.4018
4.958 22.1994
4.959 22.0081
4.96 21.8114
4.961 21.6092
4.962 21.4016
4.963 21.1887
4.964 20.9705
4.965 20.7471
4.966 20.5185
4.967 20.2849
4.968 20.0461
4.969 19.8024
4.97 19.5537
4.971 19.3001
4.972 19.0418
4.973 18.7787
4.974 18.5109
4.975 18.2385
4.976 17.9616
4.977 17.6802
4.978 17.3944
4.979 17.1042
4.98 16.8098
4.981 16.5112
4.982 16.2085
4.983 15.9018
4.984 15.5911
4.985 15.2765
4.986 14.9581
4.987 14.636
4.988 14.3103
4.989 13.981
4.99 13.6482
4.991 13.312
4.992 12.9725
4.993 12.6298
4.994 12.284
4.995 11.9351
4.996 11.5832
4.997 11.2907
4.998 11.0015
4.999 10.7096
