0 0
0.001 0
0.002 0
0.003 0
0.004 0
0.005 0
0.006 0
0.007 0
0.008 0
0.009 0
0.01 0
0.011 0
0.012 0
0.013 0
0.014 0
0.015 0
0.016 0
0.017 0
0.018 0
0.019 0
0.02 0
0.021 0
0.022 0
0.023 0
0.024 0
0.025 0
0.026 0
0.027 0
0.028 0
0.029 0
0.03 0
0.031 0
0.032 0
0.033 0
0.034 0
0.035 0
0.036 0
0.037 0
0.038 0
0.039 0
0.04 0
0.041 0
0.042 0
0.043 0
0.044 0
0.045 0
0.046 0
0.047 0
0.048 0
0.049 0
0.05 0
0.051 0
0.052 0
0.053 0
0.054 0
0.055 0
0.056 0
0.057 0
0.058 0
0.059 0
0.06 0
0.061 0
0.062 0
0.063 0
0.064 0
0.065 0
0.066 0
0.067 0
0.068 0
0.069 0
0.07 0
0.071 0
0.072 0
0.073 0
0.074 0
0.075 0
0.076 0
0.077 0
0.078 0
0.079 0
0.08 0
0.081 0
0.082 0
0.083 0
0.084 0
0.085 0
0.086 0
0.087 0
0.088 0
0.089 0
0.09 0
0.091 0
0.092 0
0.093 0
0.094 0
0.095 0
0.096 0
0.097 0
0.098 0
0.099 0
0.1 0
0.101 0
0.102 0
0.103 0
0.104 0
0.105 0
0.106 0
0.107 0
0.108 0
0.109 0
0.11 0
0.111 0
0.112 0
0.113 0
0.114 0
0.115 0
0.116 0
0.117 0
0.118 0
0.119 0
0.12 0
0.121 0
0.122 0
0.123 0
0.124 0
0.125 0
0.126 0
0.127 0
0.128 0
0.129 0
0.13 0
0.131 0
0.132 0
0.133 0
0.134 0
0.135 0
0.136 0
0.137 0
0.138 0
0.139 0
0.14 0
0.141 0
0.142 0
0.143 0
0.144 0
0.145 0
0.146 0
0.147 0
0.148 0
0.149 0
0.15 0
0.151 0
0.152 0
0.153 0
0.154 0
0.155 0
0.156 0
0.157 0
0.158 0
0.159 0
0.16 0
0.161 0
0.162 0
0.163 0
0.164 0
0.165 0
0.166 0
0.167 0
0.168 0
0.169 0
0.17 0
0.171 0
0.172 0
0.173 0
0.174 0
0.175 0
0.176 0
0.177 0
0.178 0
0.179 0
0.18 0
0.181 0
0.182 0
0.183 0
0.184 0
0.185 0
0.186 0
0.187 0
0.188 0
0.189 0
0.19 0
0.191 0
0.192 0
0.193 0
0.194 0
0.195 0
0.196 0
0.197 0
0.198 0
0.199 0
0.2 0
0.201 0
0.202 0
0.203 0
0.204 0
0.205 0
0.206 0
0.207 0
0.208 0
0.209 0
0.21 0
0.211 0
0.212 0
0.213 0
0.214 0
0.215 0
0.216 0
0.217 0
0.218 0
0.219 0
0.22 0
0.221 0
0.222 0
0.223 0
0.224 0
0.225 0
0.226 0
0.227 0
0.228 0
0.229 0
0.23 0
0.231 0
0.232 0
0.233 0
0.234 0
0.235 0
0.236 0
0.237 0
0.238 0
0.239 0
0.24 0
0.241 0
0.242 0
0.243 0
0.244 0
0.245 0
0.246 0
0.247 0
0.248 0
0.249 0
0.25 0
0.251 0
0.252 0
0.253 0
0.254 0
0.255 0
0.256 0
0.257 0
0.258 0
0.259 0
0.26 0
0.261 0
0.262 0
0.263 0
0.264 0
0.265 0
0.266 0
0.267 0
0.268 0
0.269 0
0.27 0
0.271 0
0.272 0
0.273 0
0.274 0
0.275 0
0.276 0
0.277 0
0.278 0
0.279 0
0.28 0
0.281 0
0.282 0
0.283 0
0.284 0
0.285 0
0.286 0
0.287 0
0.288 0
0.289 0
0.29 0
0.291 0
0.292 0
0.293 0
0.294 0
0.295 0
0.296 0
0.297 0
0.298 0
0.299 0
0.3 0
0.301 0
0.302 0
0.303 0
0.304 0
0.305 0
0.306 0
0.307 0
0.308 0
0.309 0
0.31 0
0.311 0
0.312 0
0.313 0
0.314 0
0.315 0
0.316 0
0.317 0
0.318 0
0.319 0
0.32 0
0.321 0
0.322 0
0.323 0
0.324 0
0.325 0
0.326 0
0.327 0
0.328 0
0.329 0
0.33 0
0.331 0
0.332 0
0.333 0
0.334 0
0.335 0
0.336 0
0.337 0
0.338 0
0.339 0
0.34 0
0.341 0
0.342 0
0.343 0
0.344 0
0.345 0
0.346 0
0.347 0
0.348 0
0.349 0
0.35 0
0.351 0
0.352 0
0.353 0
0.354 0
0.355 0
0.356 0
0.357 0
0.358 0
0.359 0
0.36 0
0.361 0
0.362 0
0.363 0
0.364 0
0.365 0
0.366 0
0.367 0
0.368 0
0.369 0
0.37 0
0.371 0
0.372 0
0.373 0
0.374 0
0.375 0
0.376 0
0.377 0
0.378 0
0.379 0
0.38 0
0.381 0
0.382 0
0.383 0
0.384 0
0.385 0
0.386 0
0.387 0
0.388 0
0.389 0
0.39 0
0.391 0
0.392 0
0.393 0
0.394 0
0.395 0
0.396 0
0.397 0
0.398 0
0.399 0
0.4 0
0.401 0
0.402 0
0.403 0
0.404 0
0.405 0
0.406 0
0.407 0
0.408 0
0.409 0
0.41 0
0.411 0
0.412 0
0.413 0
0.414 0
0.415 0
0.416 0
0.417 0
0.418 0
0.419 0
0.42 0
0.421 0
0.422 0
0.423 0
0.424 0
0.425 0
0.426 0
0.427 0
0.428 0
0.429 0
0.43 0
0.431 0
0.432 0
0.433 0
0.434 0
0.435 0
0.436 0
0.437 0
0.438 0
0.439 0
0.44 0
0.441 0
0.442 0
0.443 0
0.444 0
0.445 0
0.446 0
0.447 0
0.448 0
0.449 0
0.45 0
0.451 0
0.452 0
0.453 0
0.454 0
0.455 0
0.456 0
0.457 0
0.458 0
0.459 0
0.46 0
0.461 0
0.462 0
0.463 0
0.464 0
0.465 0
0.466 0
0.467 0
0.468 0
0.469 0
0.47 0
0.471 0
0.472 0
0.473 0
0.474 0
0.475 0
0.476 0
0.477 0
0.478 0
0.479 0
0.48 0
0.481 0
0.482 0
0.483 0
0.484 0
0.485 0
0.486 0
0.487 0
0.488 0
0.489 0
0.49 0
0.491 0
0.492 0
0.493 0
0.494 0
0.495 0
0.496 0
0.497 0
0.498 0
0.499 0
0.5 0
0.501 0
0.502 0
0.503 0
0.504 0
0.505 0
0.506 0
0.507 0
0.508 0
0.509 0
0.51 0
0.511 0
0.512 0
0.513 0
0.514 0
0.515 0
0.516 0
0.517 0
0.518 0
0.519 0
0.52 0
0.521 0
0.522 0
0.523 0
0.524 0
0.525 0
0.526 0
0.527 0
0.528 0
0.529 0
0.53 0
0.531 0
0.532 0
0.533 0
0.534 0
0.535 0
0.536 0
0.537 0
0.538 0
0.539 0
0.54 0
0.541 0
0.542 0
0.543 0
0.544 0
0.545 0
0.546 0
0.547 0
0.548 0
0.549 0
0.55 0
0.551 0
0.552 0
0.553 0
0.554 0
0.555 0
0.556 0
0.557 0
0.558 0
0.559 0
0.56 0
0.561 0
0.562 0
0.563 0
0.564 0
0.565 0
0.566 0
0.567 0
0.568 0
0.569 0
0.57 0
0.571 0
0.572 0
0.573 0
0.574 0
0.575 0
0.576 0
0.577 0
0.578 0
0.579 0
0.58 0
0.581 0
0.582 0
0.583 0
0.584 0
0.585 0
0.586 0
0.587 0
0.588 0
0.589 0
0.59 0
0.591 0
0.592 0
0.593 0
0.594 0
0.595 0
0.596 0
0.597 0
0.598 0
0.599 0
0.6 0
0.601 0
0.602 0
0.603 0
0.604 0
0.605 0
0.606 0
0.607 0
0.608 0
0.609 0
0.61 0
0.611 0
0.612 0
0.613 0
0.614 0
0.615 0
0.616 0
0.617 0
0.618 0
0.619 0
0.62 0
0.621 0
0.622 0
0.623 0
0.624 0
0.625 0
0.626 0
0.627 0
0.628 0
0.629 0
0.63 0
0.631 0
0.632 0
0.633 0
0.634 0
0.635 0
0.636 0
0.637 0
0.638 0
0.639 0
0.64 0
0.641 0
0.642 0
0.643 0
0.644 0
0.645 0
0.646 0
0.647 0
0.648 0
0.649 0
0.65 0
0.651 0
0.652 0
0.653 0
0.654 0
0.655 0
0.656 0
0.657 0
0.658 0
0.659 0
0.66 0
0.661 0
0.662 0
0.663 0
0.664 0
0.665 0
0.666 0
0.667 0
0.668 0
0.669 0
0.67 0
0.671 0
0.672 0
0.673 0
0.674 0
0.675 0
0.676 0
0.677 0
0.678 0
0.679 0
0.68 0
0.681 0
0.682 0
0.683 0
0.684 0
0.685 0
0.686 0
0.687 0
0.688 0
0.689 0
0.69 0
0.691 0
0.692 0
0.693 0
0.694 0
0.695 0
0.696 0
0.697 0.0141095
0.698 0.080047
0.699 0.145955
0.7 0.211817
0.701 0.277616
0.702 0.343337
0.703 0.408962
0.704 0.474476
0.705 0.539861
0.706 0.605102
0.707 0.670182
0.708 0.735085
0.709 0.799795
0.71 0.864296
0.711 0.928571
0.712 0.992604
0.713 1.05638
0.714 1.11988
0.715 1.1831
0.716 1.246
0.717 1.30859
0.718 1.37084
0.719 1.43274
0.72 1.49427
0.721 1.55542
0.722 1.61617
0.723 1.67651
0.724 1.73641
0.725 1.79588
0.726 1.85488
0.727 1.91342
0.728 1.97146
0.729 2.02901
0.73 2.08603
0.731 2.14253
0.732 2.19848
0.733 2.25387
0.734 2.30869
0.735 2.36293
0.736 2.41656
0.737 2.46958
0.738 2.52197
0.739 2.57373
0.74 2.62483
0.741 2.67526
0.742 2.72502
0.743 2.77409
0.744 2.82245
0.745 2.8701
0.746 2.91703
0.747 2.96321
0.748 3.00864
0.749 3.05332
0.75 3.09722
0.751 3.14034
0.752 3.18266
0.753 3.22418
0.754 3.26488
0.755 3.30476
0.756 3.3438
0.757 3.382
0.758 3.41934
0.759 3.45582
0.76 3.49142
0.761 3.52614
0.762 3.55998
0.763 3.59291
0.764 3.62494
0.765 3.65605
0.766 3.68623
0.767 3.71549
0.768 3.74381
0.769 3.77118
0.77 3.79761
0.771 3.82307
0.772 3.84757
0.773 3.87109
0.774 3.89364
0.775 3.91521
0.776 3.93579
0.777 3.95538
0.778 3.97397
0.779 3.99155
0.78 4.00813
0.781 4.0237
0.782 4.03825
0.783 4.05179
0.784 4.0643
0.785 4.07579
0.786 4.08625
0.787 4.09567
0.788 4.10407
0.789 4.11143
0.79 4.11775
0.791 4.12303
0.792 4.12728
0.793 4.13048
0.794 4.13264
0.795 4.13376
0.796 4.13384
0.797 4.13287
0.798 4.13086
0.799 4.12781
0.8 4.12372
0.801 4.11859
0.802 4.11242
0.803 4.10521
0.804 4.09697
0.805 4.08769
0.806 4.07738
0.807 4.06605
0.808 4.05368
0.809 4.0403
0.81 4.02589
0.811 4.01047
0.812 3.99404
0.813 3.9766
0.814 3.95816
0.815 3.93872
0.816 3.91828
0.817 3.89686
0.818 3.87445
0.819 3.85106
0.82 3.8267
0.821 3.80138
0.822 3.7751
0.823 3.74786
0.824 3.71968
0.825 3.69055
0.826 3.6605
0.827 3.62952
0.828 3.59763
0.829 3.56482
0.83 3.53112
0.831 3.49652
0.832 3.46104
0.833 3.42468
0.834 3.38746
0.835 3.34939
0.836 3.31046
0.837 3.2707
0.838 3.23011
0.839 3.18871
0.84 3.1465
0.841 3.10349
0.842 3.0597
0.843 3.01513
0.844 2.9698
0.845 2.92372
0.846 2.87689
0.847 2.82934
0.848 2.78107
0.849 2.7321
0.85 2.68243
0.851 2.63209
0.852 2.58107
0.853 2.52941
0.854 2.47709
0.855 2.42416
0.856 2.3706
0.857 2.31644
0.858 2.2617
0.859 2.20638
0.86 2.15049
0.861 2.09406
0.862 2.0371
0.863 1.97962
0.864 1.92163
0.865 1.86316
0.866 1.80421
0.867 1.74479
0.868 1.68493
0.869 1.62465
0.87 1.56394
0.871 1.50283
0.872 1.44134
0.873 1.37948
0.874 1.31726
0.875 1.25471
0.876 1.19183
0.877 1.12864
0.878 1.06516
0.879 1.00141
0.88 0.93739
0.881 0.87313
0.882 0.808642
0.883 0.743942
0.884 0.679046
0.885 0.61397
0.886 0.548731
0.887 0.483344
0.888 0.417827
0.889 0.352195
0.89 0.286465
0.891 0.220653
0.892 0.154776
0.893 0.0888505
0.894 0.0228925
0.895 0
0.896 0
0.897 0
0.898 0
0.899 0
0.9 0
0.901 0
0.902 0
0.903 0
0.904 0
0.905 0
0.906 0
0.907 0
0.908 0
0.909 0
0.91 0
0.911 0
0.912 0
0.913 0
0.914 0
0.915 0
0.916 0
0.917 0
0.918 0
0.919 0
0.92 0
0.921 0
0.922 0
0.923 0
0.924 0
0.925 0
0.926 0
0.927 0
0.928 0
0.929 0
0.93 0
0.931 0
0.932 0
0.933 0
0.934 0
0.935 0
0.936 0
0.937 0
0.938 0
0.939 0
0.94 0
0.941 0
0.942 0
0.943 0
0.944 0
0.945 0
0.946 0
0.947 0
0.948 0
0.949 0
0.95 0
0.951 0
0.952 0
0.953 0
0.954 0
0.955 0
0.956 0
0.957 0
0.958 0
0.959 0
0.96 0
0.961 0
0.962 0
0.963 0
0.964 0
0.965 0
0.966 0
0.967 0
0.968 0
0.969 0
0.97 0
0.971 0
0.972 0
0.973 0
0.974 0
0.975 0
0.976 0
0.977 0
0.978 0
0.979 0
0.98 0
0.981 0
0.982 0
0.983 0
0.984 0
0.985 0
0.986 0
0.987 0
0.988 0
0.989 0
0.99 0
0.991 0
0.992 0
0.993 0
0.994 0
0.995 0
0.996 0
0.997 0
0.998 0
0.999 0
1 0
1.001 0
1.002 0
1.003 0
1.004 0
1.005 0
1.006 0
1.007 0
1.008 0.0158184
1.009 0.0742721
1.01 0.132704
1.011 0.1911
1.012 0.249445
1.013 0.307725
1.014 0.365924
1.015 0.42403
1.016 0.482026
1.017 0.539899
1.018 0.597634
1.019 0.655217
1.02 0.712633
1.021 0.769868
1.022 0.826907
1.023 0.883737
1.024 0.940344
1.025 0.996712
1.026 1.05283
1.027 1.10868
1.028 1.16425
1.029 1.21953
1.03 1.27449
1.031 1.32914
1.032 1.38346
1.033 1.43742
1.034 1.49102
1.035 1.54425
1.036 1.59709
1.037 1.64952
1.038 1.70154
1.039 1.75314
1.04 1.80429
1.041 1.85499
1.042 1.90522
1.043 1.95497
1.044 2.00423
1.045 2.05299
1.046 2.10123
1.047 2.14895
1.048 2.19612
1.049 2.24275
1.05 2.28881
1.051 2.33429
1.052 2.37919
1.053 2.4235
1.054 2.46719
1.055 2.51026
1.056 2.55271
1.057 2.59451
1.058 2.63567
1.059 2.67616
1.06 2.71598
1.061 2.75512
1.062 2.79356
1.063 2.83131
1.064 2.86835
1.065 2.90467
1.066 2.94025
1.067 2.97511
1.068 3.00921
1.069 3.04256
1.07 3.07515
1.071 3.10697
1.072 3.138
1.073 3.16825
1.074 3.19771
1.075 3.22637
1.076 3.25421
1.077 3.28124
1.078 3.30745
1.079 3.33283
1.08 3.35737
1.081 3.38107
1.082 3.40393
1.083 3.42593
1.084 3.44707
1.085 3.46735
1.086 3.48676
1.087 3.50529
1.088 3.52295
1.089 3.53972
1.09 3.55561
1.091 3.5706
1.092 3.5847
1.093 3.59791
1.094 3.61021
1.095 3.6216
1.096 3.63209
1.097 3.64167
1.098 3.65034
1.099 3.65809
1.1 3.66492
1.101 3.67084
1.102 3.67584
1.103 3.67991
1.104 3.68306
1.105 3.68529
1.106 3.6866
1.107 3.68699
1.108 3.68644
1.109 3.68498
1.11 3.68259
1.111 3.67928
1.112 3.67505
1.113 3.6699
1.114 3.66383
1.115 3.65684
1.116 3.64893
1.117 3.64011
1.118 3.63037
1.119 3.61973
1.12 3.60818
1.121 3.59573
1.122 3.58237
1.123 3.56812
1.124 3.55298
1.125 3.53694
1.126 3.52002
1.127 3.50221
1.128 3.48353
1.129 3.46398
1.13 3.44355
1.131 3.42227
1.132 3.40013
1.133 3.37713
1.134 3.35329
1.135 3.32861
1.136 3.30309
1.137 3.27675
1.138 3.24958
1.139 3.2216
1.14 3.19282
1.141 3.16323
1.142 3.13285
1.143 3.10169
1.144 3.06975
1.145 3.03704
1.146 3.00357
1.147 2.96934
1.148 2.93437
1.149 2.89867
1.15 2.86224
1.151 2.82509
1.152 2.78723
1.153 2.74868
1.154 2.70943
1.155 2.66951
1.156 2.62892
1.157 2.58767
1.158 2.54577
1.159 2.50323
1.16 2.46006
1.161 2.41628
1.162 2.37189
1.163 2.3269
1.164 2.28134
1.165 2.2352
1.166 2.1885
1.167 2.14125
1.168 2.09346
1.169 2.04515
1.17 1.99633
1.171 1.947
1.172 1.89719
1.173 1.8469
1.174 1.79615
1.175 1.74494
1.176 1.6933
1.177 1.64123
1.178 1.58875
1.179 1.53588
1.18 1.48261
1.181 1.42898
1.182 1.37498
1.183 1.32064
1.184 1.26597
1.185 1.21098
1.186 1.15568
1.187 1.1001
1.188 1.04423
1.189 0.988108
1.19 0.931734
1.191 0.875125
1.192 0.818296
1.193 0.76126
1.194 0.704033
1.195 0.646628
1.196 0.589059
1.197 0.531342
1.198 0.47349
1.199 0.415518
1.2 0.357441
1.201 0.299272
1.202 0.241028
1.203 0.182721
1.204 0.124367
1.205 0.0659797
1.206 0.00757472
1.207 0
1.208 0
1.209 0
1.21 0
1.211 0
1.212 0
1.213 0
1.214 0
1.215 0
1.216 0
1.217 0
1.218 0
1.219 0
1.22 0
1.221 0
1.222 0
1.223 0
1.224 0
1.225 0
1.226 0
1.227 0
1.228 0
1.229 0
1.23 0
1.231 0
1.232 0
1.233 0
1.234 0
1.235 0
1.236 0
1.237 0
1.238 0
1.239 0
1.24 0
1.241 0
1.242 0
1.243 0
1.244 0
1.245 0
1.246 0
1.247 0
1.248 0
1.249 0
1.25 0
1.251 0
1.252 0
1.253 0
1.254 0
1.255 0
1.256 0
1.257 0
1.258 0
1.259 0
1.26 0
1.261 0
1.262 0
1.263 0
1.264 0
1.265 0
1.266 0
1.267 0
1.268 0
1.269 0
1.27 0
1.271 0
1.272 0
1.273 0
1.274 0
1.275 0
1.276 0
1.277 0
1.278 0
1.279 0
1.28 0
1.281 0
1.282 0
1.283 0
1.284 0
1.285 0
1.286 0
1.287 0
1.288 0
1.289 0
1.29 0
1.291 0
1.292 0
1.293 0
1.294 0
1.295 0
1.296 0
1.297 0
1.298 0
1.299 0
1.3 0
1.301 0
1.302 0
1.303 0
1.304 0
1.305 0
1.306 0
1.307 0
1.308 0
1.309 0
1.31 0
1.311 0
1.312 0
1.313 0
1.314 0
1.315 0
1.316 0
1.317 0
1.318 0
1.319 0
1.32 0
1.321 0
1.322 0
1.323 0
1.324 0
1.325 0
1.326 0
1.327 0
1.328 0
1.329 0
1.33 0
1.331 0
1.332 0
1.333 0
1.334 0
1.335 0
1.336 0
1.337 0
1.338 0
1.339 0
1.34 0
1.341 0
1.342 0
1.343 0
1.344 0
1.345 0
1.346 0
1.347 0
1.348 0
1.349 0
1.35 0
1.351 0
1.352 0
1.353 0
1.354 0
1.355 0
1.356 0
1.357 0
1.358 0
1.359 0
1.36 0
1.361 0
1.362 0
1.363 0
1.364 0
1.365 0
1.366 0
1.367 0
1.368 0
1.369 0
1.37 0
1.371 0
1.372 0
1.373 0
1.374 0
1.375 0
1.376 0
1.377 0
1.378 0
1.379 0
1.38 0
1.381 0
1.382 0
1.383 0
1.384 0
1.385 0
1.386 0
1.387 0
1.388 0
1.389 0
1.39 0
1.391 0
1.392 0
1.393 0
1.394 0
1.395 0
1.396 0
1.397 0
1.398 0
1.399 0
1.4 0
1.401 0
1.402 0
1.403 0
1.404 0
1.405 0
1.406 0
1.407 0
1.408 0
1.409 0
1.41 0
1.411 0
1.412 0
1.413 0
1.414 0
1.415 0
1.416 0
1.417 0
1.418 0
1.419 0
1.42 0
1.421 0
1.422 0
1.423 0
1.424 0
1.425 0
1.426 0
1.427 0
1.428 0
1.429 0
1.43 0
1.431 0
1.432 0
1.433 0
1.434 0
1.435 0
1.436 0
1.437 0
1.438 0
1.439 0
1.44 0
1.441 0
1.442 0
1.443 0
1.444 0
1.445 0
1.446 0
1.447 0
1.448 0
1.449 0
1.45 0
1.451 0
1.452 0
1.453 0
1.454 0
1.455 0
1.456 0
1.457 0
1.458 0
1.459 0
1.46 0
1.461 0
1.462 0
1.463 0
1.464 0
1.465 0
1.466 0
1.467 0
1.468 0
1.469 0
1.47 0
1.471 0
1.472 0
1.473 0
1.474 0
1.475 0
1.476 0
1.477 0
1.478 0
1.479 0
1.48 0
1.481 0
1.482 0
1.483 0
1.484 0
1.485 0
1.486 0
1.487 0
1.488 0
1.489 0
1.49 0
1.491 0
1.492 0
1.493 0
1.494 0
1.495 0
1.496 0
1.497 0
1.498 0
1.499 0
1.5 0
1.501 0
1.502 0
1.503 0
1.504 0
1.505 0
1.506 0
1.507 0
1.508 0
1.509 0
1.51 0
1.511 0
1.512 0
1.513 0
1.514 0
1.515 0
1.516 0
1.517 0
1.518 0
1.519 0
1.52 0
1.521 0
1.522 0
1.523 0
1.524 0
1.525 0
1.526 0
1.527 0
1.528 0
1.529 0
1.53 0
1.531 0
1.532 0
1.533 0
1.534 0
1.535 0
1.536 0
1.537 0
1.538 0
1.539 0
1.54 0
1.541 0
1.542 0
1.543 0
1.544 0
1.545 0
1.546 0
1.547 0
1.548 0
1.549 0
1.55 0
1.551 0
1.552 0
1.553 0
1.554 0
1.555 0
1.556 0
1.557 0
1.558 0
1.559 0
1.56 0
1.561 0
1.562 0
1.563 0.0995773
1.564 0.205608
1.565 0.311592
1.566 0.417503
1.567 0.523313
1.568 0.628998
1.569 0.734529
1.57 0.839881
1.571 0.945028
1.572 1.04994
1.573 1.1546
1.574 1.25897
1.575 1.36303
1.576 1.46676
1.577 1.57012
1.578 1.67309
1.579 1.77565
1.58 1.87777
1.581 1.97943
1.582 2.08059
1.583 2.18124
1.584 2.28134
1.585 2.38088
1.586 2.47983
1.587 2.57816
1.588 2.67585
1.589 2.77287
1.59 2.86921
1.591 2.96483
1.592 3.05972
1.593 3.15384
1.594 3.24718
1.595 3.33971
1.596 3.4314
1.597 3.52225
1.598 3.61221
1.599 3.70128
1.6 3.78943
1.601 3.87663
1.602 3.96286
1.603 4.04811
1.604 4.13235
1.605 4.21555
1.606 4.29771
1.607 4.3788
1.608 4.45879
1.609 4.53768
1.61 4.61543
1.611 4.69203
1.612 4.76746
1.613 4.8417
1.614 4.91474
1.615 4.98655
1.616 5.05711
1.617 5.12641
1.618 5.19444
1.619 5.26117
1.62 5.32658
1.621 5.39067
1.622 5.45341
1.623 5.51479
1.624 5.5748
1.625 5.63341
1.626 5.69062
1.627 5.74641
1.628 5.80077
1.629 5.85367
1.63 5.90512
1.631 5.95509
1.632 6.00358
1.633 6.05057
1.634 6.09605
1.635 6.14
1.636 6.18243
1.637 6.22331
1.638 6.26263
1.639 6.3004
1.64 6.33659
1.641 6.3712
1.642 6.40422
1.643 6.43564
1.644 6.46545
1.645 6.49365
1.646 6.52023
1.647 6.54518
1.648 6.5685
1.649 6.59017
1.65 6.61021
1.651 6.62859
1.652 6.64531
1.653 6.66038
1.654 6.67379
1.655 6.68552
1.656 6.69559
1.657 6.70399
1.658 6.71072
1.659 6.71576
1.66 6.71914
1.661 6.72083
1.662 6.72085
1.663 6.71918
1.664 6.71584
1.665 6.71083
1.666 6.70414
1.667 6.69577
1.668 6.68574
1.669 6.67403
1.67 6.66066
1.671 6.64562
1.672 6.62893
1.673 6.61058
1.674 6.59058
1.675 6.56893
1.676 6.54565
1.677 6.52073
1.678 6.49418
1.679 6.46601
1.68 6.43623
1.681 6.40484
1.682 6.37185
1.683 6.33727
1.684 6.30111
1.685 6.26338
1.686 6.22408
1.687 6.18323
1.688 6.14084
1.689 6.09691
1.69 6.05146
1.691 6.0045
1.692 5.95604
1.693 5.9061
1.694 5.85468
1.695 5.8018
1.696 5.74747
1.697 5.69171
1.698 5.63453
1.699 5.57594
1.7 5.51596
1.701 5.4546
1.702 5.39189
1.703 5.32783
1.704 5.26243
1.705 5.19573
1.706 5.12773
1.707 5.0648
1.708 5.04729
1.709 5.02852
1.71 5.00849
1.711 4.9872
1.712 4.96466
1.713 4.94088
1.714 4.91586
1.715 4.8896
1.716 4.86213
1.717 4.83343
1.718 4.80352
1.719 4.77241
1.72 4.7401
1.721 4.70661
1.722 4.67194
1.723 4.63609
1.724 4.59909
1.725 4.56093
1.726 4.52163
1.727 4.48119
1.728 4.43964
1.729 4.39697
1.73 4.35319
1.731 4.30833
1.732 4.26239
1.733 4.21538
1.734 4.16732
1.735 4.11821
1.736 4.06807
1.737 4.01691
1.738 3.96474
1.739 3.91158
1.74 3.85744
1.741 3.80234
1.742 3.74628
1.743 3.68928
1.744 3.63136
1.745 3.57253
1.746 3.5128
1.747 3.4522
1.748 3.39072
1.749 3.3284
1.75 3.26525
1.751 3.20128
1.752 3.1365
1.753 3.07094
1.754 3.00462
1.755 2.93753
1.756 2.86972
1.757 2.80118
1.758 2.73194
1.759 2.66202
1.76 2.59143
1.761 2.52479
1.762 2.55897
1.763 2.59251
1.764 2.62539
1.765 2.65761
1.766 2.68916
1.767 2.72003
1.768 2.75021
1.769 2.77971
1.77 2.8085
1.771 2.83658
1.772 2.86395
1.773 2.8906
1.774 2.91652
1.775 2.9417
1.776 2.96615
1.777 2.98984
1.778 3.01279
1.779 3.03497
1.78 3.05639
1.781 3.07704
1.782 3.09692
1.783 3.11601
1.784 3.13432
1.785 3.15185
1.786 3.16857
1.787 3.1845
1.788 3.19963
1.789 3.21396
1.79 3.22747
1.791 3.24017
1.792 3.25206
1.793 3.26312
1.794 3.27337
1.795 3.28279
1.796 3.29139
1.797 3.29916
1.798 3.30609
1.799 3.3122
1.8 3.31747
1.801 3.3219
1.802 3.32551
1.803 3.32827
1.804 3.33019
1.805 3.33128
1.806 3.33153
1.807 3.33094
1.808 3.32952
1.809 3.32725
1.81 3.32415
1.811 3.32021
1.812 3.31543
1.813 3.30983
1.814 3.30338
1.815 3.29611
1.816 3.28801
1.817 3.27908
1.818 3.26932
1.819 3.25875
1.82 3.24735
1.821 3.23513
1.822 3.2221
1.823 3.20826
1.824 3.19362
1.825 3.17816
1.826 3.16191
1.827 3.14487
1.828 3.12703
1.829 3.1084
1.83 3.08899
1.831 3.06881
1.832 3.04785
1.833 3.02612
1.834 3.00364
1.835 2.98039
1.836 2.9564
1.837 2.93166
1.838 2.90618
1.839 2.87997
1.84 2.85304
1.841 2.82539
1.842 2.79703
1.843 2.76796
1.844 2.73819
1.845 2.70774
1.846 2.6766
1.847 2.64479
1.848 2.61231
1.849 2.57918
1.85 2.54539
1.851 2.51096
1.852 2.4759
1.853 2.44022
1.854 2.40392
1.855 2.36701
1.856 2.32951
1.857 2.29142
1.858 2.25276
1.859 2.21352
1.86 2.17373
1.861 2.13338
1.862 2.0925
1.863 2.05109
1.864 2.00917
1.865 1.96673
1.866 1.9238
1.867 1.88039
1.868 1.8365
1.869 1.79214
1.87 1.74734
1.871 1.70209
1.872 1.65641
1.873 1.61031
1.874 1.5638
1.875 1.5169
1.876 1.46962
1.877 1.42196
1.878 1.37394
1.879 1.32557
1.88 1.27687
1.881 1.22785
1.882 1.17851
1.883 1.12887
1.884 1.07895
1.885 1.02875
1.886 0.978291
1.887 0.927582
1.888 0.876637
1.889 0.825468
1.89 0.774088
1.891 0.72251
1.892 0.670748
1.893 0.618813
1.894 0.566719
1.895 0.514479
1.896 0.462106
1.897 0.409613
1.898 0.357013
1.899 0.30432
1.9 0.251547
1.901 0.198706
1.902 0.145811
1.903 0.092876
1.904 0.0399133
1.905 0
1.906 0
1.907 0
1.908 0
1.909 0
1.91 0
1.911 0
1.912 0
1.913 0
1.914 0
1.915 0
1.916 0
1.917 0
1.918 0
1.919 0
1.92 0
1.921 0
1.922 0
1.923 0
1.924 0
1.925 0
1.926 0
1.927 0
1.928 0
1.929 0
1.93 0
1.931 0
1.932 0
1.933 0
1.934 0
1.935 0
1.936 0
1.937 0
1.938 0
1.939 0
1.94 0
1.941 0
1.942 0
1.943 0
1.944 0
1.945 0
1.946 0
1.947 0
1.948 0
1.949 0
1.95 0
1.951 0
1.952 0
1.953 0
1.954 0
1.955 0
1.956 0
1.957 0
1.958 0
1.959 0
1.96 0
1.961 0
1.962 0
1.963 0
1.964 0
1.965 0
1.966 0
1.967 0
1.968 0
1.969 0
1.97 0
1.971 0
1.972 0
1.973 0
1.974 0
1.975 0
1.976 0
1.977 0
1.978 0
1.979 0
1.98 0
1.981 0
1.982 0
1.983 0
1.984 0
1.985 0
1.986 0
1.987 0
1.988 0
1.989 0
1.99 0
1.991 0
1.992 0
1.993 0
1.994 0
1.995 0
1.996 0
1.997 0
1.998 0
1.999 0
2 0
2.001 0
2.002 0
2.003 0
2.004 0
2.005 0
2.006 0
2.007 0
2.008 0
2.009 0
2.01 0
2.011 0
2.012 0
2.013 0
2.014 0
2.015 0
2.016 0
2.017 0
2.018 0
2.019 0
2.02 0
2.021 0
2.022 0
2.023 0
2.024 0
2.025 0
2.026 0
2.027 0
2.028 0
2.029 0
2.03 0
2.031 0
2.032 0
2.033 0
2.034 0
2.035 0
2.036 0
2.037 0
2.038 0
2.039 0
2.04 0
2.041 0
2.042 0
2.043 0
2.044 0
2.045 0
2.046 0
2.047 0
2.048 0
2.049 0
2.05 0
2.051 0
2.052 0
2.053 0
2.054 0
2.055 0
2.056 0
2.057 0
2.058 0
2.059 0
2.06 0
2.061 0
2.062 0
2.063 0
2.064 0
2.065 0
2.066 0
2.067 0
2.068 0
2.069 0
2.07 0
2.071 0
2.072 0
2.073 0
2.074 0
2.075 0
2.076 0
2.077 0
2.078 0
2.079 0
2.08 0
2.081 0
2.082 0
2.083 0
2.084 0
2.085 0
2.086 0
2.087 0
2.088 0
2.089 0
2.09 0
2.091 0
2.092 0
2.093 0
2.094 0
2.095 0
2.096 0
2.097 0
2.098 0
2.099 0
2.1 0
2.101 0
2.102 0
2.103 0
2.104 0
2.105 0
2.106 0
2.107 0
2.108 0
2.109 0
2.11 0
2.111 0
2.112 0
2.113 0
2.114 0
2.115 0
2.116 0
2.117 0
2.118 0
2.119 0
2.12 0
2.121 0
2.122 0
2.123 0
2.124 0
2.125 0
2.126 0
2.127 0
2.128 0
2.129 0
2.13 0
2.131 0
2.132 0
2.133 0
2.134 0
2.135 0
2.136 0
2.137 0
2.138 0
2.139 0
2.14 0
2.141 0
2.142 0
2.143 0
2.144 0
2.145 0
2.146 0
2.147 0
2.148 0
2.149 0
2.15 0
2.151 0
2.152 0
2.153 0
2.154 0
2.155 0
2.156 0
2.157 0
2.158 0
2.159 0
2.16 0
2.161 0
2.162 0
2.163 0
2.164 0
2.165 0
2.166 0
2.167 0
2.168 0
2.169 0
2.17 0
2.171 0
2.172 0
2.173 0
2.174 0
2.175 0
2.176 0
2.177 0
2.178 0
2.179 0
2.18 0
2.181 0
2.182 0
2.183 0
2.184 0
2.185 0
2.186 0
2.187 0
2.188 0
2.189 0
2.19 0
2.191 0
2.192 0
2.193 0
2.194 0
2.195 0
2.196 0
2.197 0
2.198 0
2.199 0
2.2 0
2.201 0
2.202 0
2.203 0
2.204 0
2.205 0
2.206 0
2.207 0
2.208 0
2.209 0
2.21 0
2.211 0
2.212 0
2.213 0
2.214 0
2.215 0
2.216 0
2.217 0
2.218 0
2.219 0
2.22 0
2.221 0
2.222 0
2.223 0
2.224 0
2.225 0
2.226 0
2.227 0
2.228 0
2.229 0
2.23 0
2.231 0
2.232 0
2.233 0
2.234 0
2.235 0
2.236 0
2.237 0
2.238 0
2.239 0
2.24 0
2.241 0
2.242 0
2.243 0
2.244 0
2.245 0
2.246 0
2.247 0
2.248 0
2.249 0
2.25 0
2.251 0
2.252 0
2.253 0
2.254 0
2.255 0
2.256 0
2.257 0
2.258 0
2.259 0
2.26 0
2.261 0
2.262 0
2.263 0
2.264 0
2.265 0
2.266 0
2.267 0
2.268 0
2.269 0
2.27 0
2.271 0
2.272 0
2.273 0
2.274 0
2.275 0
2.276 0
2.277 0
2.278 0
2.279 0
2.28 0
2.281 0
2.282 0
2.283 0
2.284 0
2.285 0
2.286 0
2.287 0
2.288 0
2.289 0
2.29 0
2.291 0
2.292 0
2.293 0
2.294 0
2.295 0
2.296 0
2.297 0
2.298 0
2.299 0
2.3 0
2.301 0
2.302 0
2.303 0
2.304 0
2.305 0
2.306 0
2.307 0
2.308 0
2.309 0
2.31 0
2.311 0
2.312 0
2.313 0
2.314 0
2.315 0
2.316 0
2.317 0
2.318 0
2.319 0
2.32 0
2.321 0
2.322 0
2.323 0
2.324 0
2.325 0
2.326 0
2.327 0
2.328 0
2.329 0
2.33 0
2.331 0
2.332 0
2.333 0
2.334 0
2.335 0
2.336 0
2.337 0
2.338 0
2.339 0
2.34 0
2.341 0
2.342 0
2.343 0
2.344 0
2.345 0
2.346 0
2.347 0
2.348 0
2.349 0
2.35 0
2.351 0
2.352 0
2.353 0
2.354 0
2.355 0
2.356 0
2.357 0
2.358 0
2.359 0
2.36 0
2.361 0
2.362 0
2.363 0
2.364 0
2.365 0
2.366 0
2.367 0
2.368 0
2.369 0
2.37 0
2.371 0
2.372 0
2.373 0
2.374 0
2.375 0
2.376 0
2.377 0
2.378 0
2.379 0
2.38 0
2.381 0
2.382 0
2.383 0
2.384 0
2.385 0
2.386 0
2.387 0
2.388 0
2.389 0
2.39 0
2.391 0
2.392 0
2.393 0
2.394 0
2.395 0
2.396 0
2.397 0
2.398 0
2.399 0
2.4 0
2.401 0
2.402 0
2.403 0
2.404 0
2.405 0
2.406 0
2.407 0
2.408 0
2.409 0
2.41 0
2.411 0
2.412 0
2.413 0
2.414 0
2.415 0
2.416 0
2.417 0
2.418 0
2.419 0
2.42 0
2.421 0
2.422 0
2.423 0
2.424 0
2.425 0
2.426 0
2.427 0
2.428 0
2.429 0
2.43 0
2.431 0
2.432 0
2.433 0.0293053
2.434 0.0882807
2.435 0.147231
2.436 0.206143
2.437 0.264999
2.438 0.323787
2.439 0.382492
2.44 0.441098
2.441 0.499591
2.442 0.557956
2.443 0.616179
2.444 0.674245
2.445 0.73214
2.446 0.789849
2.447 0.847358
2.448 0.904652
2.449 0.961717
2.45 1.01854
2.451 1.0751
2.452 1.1314
2.453 1.1874
2.454 1.24311
2.455 1.2985
2.456 1.35357
2.457 1.4083
2.458 1.46267
2.459 1.51667
2.46 1.57029
2.461 1.62351
2.462 1.67633
2.463 1.72872
2.464 1.78068
2.465 1.83219
2.466 1.88324
2.467 1.93381
2.468 1.9839
2.469 2.03349
2.47 2.08257
2.471 2.13112
2.472 2.17914
2.473 2.22661
2.474 2.27352
2.475 2.31986
2.476 2.36562
2.477 2.41078
2.478 2.45534
2.479 2.49928
2.48 2.54259
2.481 2.58527
2.482 2.62729
2.483 2.66865
2.484 2.70935
2.485 2.74936
2.486 2.78868
2.487 2.82731
2.488 2.86522
2.489 2.90241
2.49 2.93888
2.491 2.9746
2.492 3.00958
2.493 3.05598
2.494 3.15406
2.495 3.25134
2.496 3.34782
2.497 3.44345
2.498 3.53822
2.499 3.6321
2.5 3.72507
2.501 3.8171
2.502 3.90818
2.503 3.99828
2.504 4.08737
2.505 4.17544
2.506 4.26247
2.507 4.34842
2.508 4.43329
2.509 4.51704
2.51 4.59966
2.511 4.68113
2.512 4.76142
2.513 4.84052
2.514 4.91841
2.515 4.99506
2.516 5.07046
2.517 5.14459
2.518 5.21743
2.519 5.28896
2.52 5.35917
2.521 5.42803
2.522 5.49554
2.523 5.56166
2.524 5.62639
2.525 5.68972
2.526 5.75161
2.527 5.81207
2.528 5.87106
2.529 5.92859
2.53 5.98463
2.531 6.03917
2.532 6.0922
2.533 6.1437
2.534 6.19366
2.535 6.24207
2.536 6.28891
2.537 6.33418
2.538 6.37786
2.539 6.41995
2.54 6.46042
2.541 6.49928
2.542 6.5365
2.543 6.57209
2.544 6.60603
2.545 6.63832
2.546 6.66894
2.547 6.6979
2.548 6.72517
2.549 6.75076
2.55 6.77466
2.551 6.79686
2.552 6.81735
2.553 6.83614
2.554 6.85322
2.555 6.86858
2.556 6.88221
2.557 6.89413
2.558 6.90431
2.559 6.91277
2.56 6.91949
2.561 6.92448
2.562 6.92774
2.563 6.92925
2.564 6.92904
2.565 6.92708
2.566 6.92339
2.567 6.91797
2.568 6.91081
2.569 6.90192
2.57 6.8913
2.571 6.87896
2.572 6.86489
2.573 6.8491
2.574 6.8316
2.575 6.81238
2.576 6.79145
2.577 6.76883
2.578 6.74451
2.579 6.7185
2.58 6.6908
2.581 6.66143
2.582 6.63039
2.583 6.59768
2.584 6.56333
2.585 6.52733
2.586 6.48969
2.587 6.45043
2.588 6.40955
2.589 6.36706
2.59 6.32298
2.591 6.27732
2.592 6.23008
2.593 6.18128
2.594 6.13093
2.595 6.07905
2.596 6.02564
2.597 5.97072
2.598 5.9143
2.599 5.8564
2.6 5.79704
2.601 5.73622
2.602 5.67397
2.603 5.61029
2.604 5.5452
2.605 5.47873
2.606 5.41088
2.607 5.34168
2.608 5.27113
2.609 5.19927
2.61 5.1261
2.611 5.05165
2.612 4.97593
2.613 4.89896
2.614 4.82077
2.615 4.74137
2.616 4.66077
2.617 4.57901
2.618 4.4961
2.619 4.41207
2.62 4.32693
2.621 4.2407
2.622 4.15341
2.623 4.06507
2.624 3.97572
2.625 3.88537
2.626 3.79405
2.627 3.70177
2.628 3.60857
2.629 3.51446
2.63 3.41947
2.631 3.33662
2.632 3.2989
2.633 3.26036
2.634 3.221
2.635 3.18084
2.636 3.13988
2.637 3.09813
2.638 3.05561
2.639 3.01233
2.64 2.96829
2.641 2.9235
2.642 2.87799
2.643 2.83176
2.644 2.78481
2.645 2.73717
2.646 2.68885
2.647 2.63985
2.648 2.59019
2.649 2.53989
2.65 2.48894
2.651 2.43738
2.652 2.3852
2.653 2.33243
2.654 2.31203
2.655 2.32177
2.656 2.33093
2.657 2.33948
2.658 2.34745
2.659 2.35481
2.66 2.36157
2.661 2.36773
2.662 2.37329
2.663 2.37825
2.664 2.3826
2.665 2.38634
2.666 2.38947
2.667 2.392
2.668 2.39391
2.669 2.39522
2.67 2.39591
2.671 2.39599
2.672 2.39547
2.673 2.39433
2.674 2.39258
2.675 2.39022
2.676 2.38726
2.677 2.38368
2.678 2.3795
2.679 2.37471
2.68 2.36931
2.681 2.36331
2.682 2.35671
2.683 2.3495
2.684 2.3417
2.685 2.3333
2.686 2.3243
2.687 2.31471
2.688 2.30453
2.689 2.29376
2.69 2.2824
2.691 2.27046
2.692 2.29626
2.693 2.34779
2.694 2.39872
2.695 2.44903
2.696 2.49872
2.697 2.54777
2.698 2.59617
2.699 2.64391
2.7 2.69097
2.701 2.73735
2.702 2.78303
2.703 2.82801
2.704 2.87226
2.705 2.91578
2.706 2.95856
2.707 3.00058
2.708 3.04184
2.709 3.08233
2.71 3.12203
2.711 3.16094
2.712 3.19904
2.713 3.23633
2.714 3.2728
2.715 3.30843
2.716 3.34322
2.717 3.37717
2.718 3.41025
2.719 3.44247
2.72 3.47381
2.721 3.50427
2.722 3.53384
2.723 3.56251
2.724 3.59027
2.725 3.61713
2.726 3.64306
2.727 3.66807
2.728 3.69214
2.729 3.71528
2.73 3.73747
2.731 3.75872
2.732 3.77901
2.733 3.79833
2.734 3.8167
2.735 3.83409
2.736 3.85051
2.737 3.86595
2.738 3.88041
2.739 3.89388
2.74 3.90637
2.741 3.91786
2.742 3.92836
2.743 3.93785
2.744 3.94635
2.745 3.95384
2.746 3.96033
2.747 3.96582
2.748 3.97029
2.749 3.97376
2.75 3.97621
2.751 3.97766
2.752 3.97809
2.753 3.97751
2.754 3.97593
2.755 3.97333
2.756 3.96972
2.757 3.9651
2.758 3.95947
2.759 3.95283
2.76 3.9513
2.761 4.01445
2.762 4.07657
2.763 4.13765
2.764 4.19767
2.765 4.25662
2.766 4.31448
2.767 4.37125
2.768 4.42689
2.769 4.48141
2.77 4.53479
2.771 4.587
2.772 4.63805
2.773 4.68792
2.774 4.73659
2.775 4.78405
2.776 4.83029
2.777 4.8753
2.778 4.91907
2.779 4.96159
2.78 5.00284
2.781 5.04282
2.782 5.08151
2.783 5.11891
2.784 5.155
2.785 5.18978
2.786 5.22324
2.787 5.25537
2.788 5.28616
2.789 5.31561
2.79 5.3437
2.791 5.37043
2.792 5.3958
2.793 5.41978
2.794 5.44239
2.795 5.46362
2.796 5.48345
2.797 5.50189
2.798 5.51892
2.799 5.53455
2.8 5.54878
2.801 5.56159
2.802 5.57298
2.803 5.58295
2.804 5.5915
2.805 5.59863
2.806 5.60434
2.807 5.60861
2.808 5.61146
2.809 5.61288
2.81 5.61287
2.811 5.61142
2.812 5.60855
2.813 5.60426
2.814 5.59853
2.815 5.59138
2.816 5.5828
2.817 5.5728
2.818 5.56138
2.819 5.54854
2.82 5.53429
2.821 5.51863
2.822 5.50156
2.823 5.48309
2.824 5.46322
2.825 5.44196
2.826 5.41931
2.827 5.43048
2.828 5.49656
2.829 5.56123
2.83 5.62448
2.831 5.68629
2.832 5.74665
2.833 5.80555
2.834 5.88137
2.835 5.96488
2.836 6.04686
2.837 6.12728
2.838 6.20613
2.839 6.2834
2.84 6.35905
2.841 6.43307
2.842 6.50544
2.843 6.57614
2.844 6.64516
2.845 6.71248
2.846 6.77808
2.847 6.84195
2.848 6.90406
2.849 6.96441
2.85 7.02298
2.851 7.13883
2.852 7.25799
2.853 7.37531
2.854 7.49077
2.855 7.60434
2.856 7.71599
2.857 7.82569
2.858 7.93341
2.859 8.03913
2.86 8.14282
2.861 8.24446
2.862 8.34401
2.863 8.44146
2.864 8.53678
2.865 8.62994
2.866 8.72093
2.867 8.80971
2.868 8.89628
2.869 8.9806
2.87 9.07645
2.871 9.18694
2.872 9.29512
2.873 9.40095
2.874 9.5044
2.875 9.60545
2.876 9.70408
2.877 9.80025
2.878 9.89395
2.879 9.98515
2.88 10.0738
2.881 10.16
2.882 10.2435
2.883 10.3245
2.884 10.4029
2.885 10.4786
2.886 10.5517
2.887 10.6222
2.888 10.6899
2.889 10.755
2.89 10.8174
2.891 10.877
2.892 10.9338
2.893 10.9879
2.894 11.0393
2.895 11.0878
2.896 11.1336
2.897 11.1765
2.898 11.2167
2.899 11.2539
2.9 11.2884
2.901 11.32
2.902 11.3487
2.903 11.3746
2.904 11.3976
2.905 11.4178
2.906 11.435
2.907 11.4494
2.908 11.4608
2.909 11.4694
2.91 11.4751
2.911 11.4779
2.912 11.4778
2.913 11.4748
2.914 11.4689
2.915 11.4601
2.916 11.4484
2.917 11.4338
2.918 11.4164
2.919 11.396
2.92 11.3728
2.921 11.3467
2.922 11.3177
2.923 11.2859
2.924 11.2512
2.925 11.2137
2.926 11.1734
2.927 11.1302
2.928 11.0842
2.929 11.0355
2.93 11.0478
2.931 11.0591
2.932 11.0676
2.933 11.0733
2.934 11.0762
2.935 11.0763
2.936 11.0736
2.937 11.0681
2.938 11.0598
2.939 11.0488
2.94 11.0349
2.941 11.0182
2.942 10.9988
2.943 10.9765
2.944 10.9515
2.945 10.9237
2.946 10.8932
2.947 10.8599
2.948 10.8239
2.949 10.7851
2.95 10.7436
2.951 10.6994
2.952 10.6524
2.953 10.6028
2.954 10.5505
2.955 10.4956
2.956 10.4379
2.957 10.3777
2.958 10.3236
2.959 10.3301
2.96 10.3339
2.961 10.3351
2.962 10.3338
2.963 10.3298
2.964 10.3232
2.965 10.314
2.966 10.3022
2.967 10.2878
2.968 10.2708
2.969 10.2512
2.97 10.229
2.971 10.2043
2.972 10.1769
2.973 10.147
2.974 10.1146
2.975 10.0796
2.976 10.042
2.977 10.0019
2.978 9.95931
2.979 9.91418
2.98 9.86655
2.981 9.81643
2.982 9.76383
2.983 9.70876
2.984 9.65124
2.985 9.59128
2.986 9.5289
2.987 9.46411
2.988 9.39693
2.989 9.32738
2.99 9.25547
2.991 9.23148
2.992 9.21942
2.993 9.20503
2.994 9.18831
2.995 9.16926
2.996 9.1479
2.997 9.12422
2.998 9.09824
2.999 9.06995
3 9.03937
3.001 9.0065
3.002 8.97135
3.003 8.93394
3.004 8.89426
3.005 8.85234
3.006 8.80817
3.007 8.76177
3.008 8.71316
3.009 8.66234
3.01 8.60933
3.011 8.55414
3.012 8.49678
3.013 8.43727
3.014 8.37563
3.015 8.31186
3.016 8.24599
3.017 8.17803
3.018 8.108
3.019 8.03591
3.02 7.96179
3.021 7.88565
3.022 7.80751
3.023 7.72739
3.024 7.64531
3.025 7.5693
3.026 7.57465
3.027 7.57807
3.028 7.57957
3.029 7.57915
3.03 7.5842
3.031 7.60749
3.032 7.62885
3.033 7.64829
3.034 7.66579
3.035 7.68136
3.036 7.69498
3.037 7.70665
3.038 7.71637
3.039 7.72822
3.04 7.81172
3.041 7.89335
3.042 7.97308
3.043 8.0509
3.044 8.12678
3.045 8.2007
3.046 8.27265
3.047 8.3426
3.048 8.41055
3.049 8.47647
3.05 8.54035
3.051 8.60216
3.052 8.6619
3.053 8.71955
3.054 8.77509
3.055 8.82852
3.056 8.87981
3.057 8.92896
3.058 8.97594
3.059 9.02076
3.06 9.06339
3.061 9.10383
3.062 9.14207
3.063 9.17809
3.064 9.21189
3.065 9.24346
3.066 9.28817
3.067 9.34652
3.068 9.40263
3.069 9.45647
3.07 9.50803
3.071 9.5573
3.072 9.60427
3.073 9.64892
3.074 9.69125
3.075 9.73123
3.076 9.76887
3.077 9.80415
3.078 9.83707
3.079 9.86761
3.08 9.89577
3.081 9.92153
3.082 9.9449
3.083 9.96587
3.084 9.98442
3.085 10.0006
3.086 10.0143
3.087 10.0256
3.088 10.0345
3.089 10.0409
3.09 10.0449
3.091 10.0465
3.092 10.0457
3.093 10.0424
3.094 10.0367
3.095 10.0286
3.096 10.018
3.097 10.005
3.098 9.98964
3.099 9.97182
3.1 9.95158
3.101 9.92893
3.102 9.90388
3.103 9.87643
3.104 9.84659
3.105 9.81437
3.106 9.77977
3.107 9.7428
3.108 9.70348
3.109 9.6618
3.11 9.61779
3.111 9.57146
3.112 9.5228
3.113 9.47184
3.114 9.4186
3.115 9.36307
3.116 9.30528
3.117 9.24524
3.118 9.18297
3.119 9.11848
3.12 9.05178
3.121 8.9829
3.122 8.91185
3.123 8.83865
3.124 8.76331
3.125 8.68587
3.126 8.60632
3.127 8.52471
3.128 8.49845
3.129 8.47863
3.13 8.45677
3.131 8.43288
3.132 8.40697
3.133 8.37904
3.134 8.34909
3.135 8.31714
3.136 8.28319
3.137 8.24726
3.138 8.20935
3.139 8.16946
3.14 8.12762
3.141 8.08383
3.142 8.03811
3.143 7.99045
3.144 7.94089
3.145 7.88942
3.146 7.83607
3.147 7.78084
3.148 7.72375
3.149 7.66481
3.15 7.60404
3.151 7.54146
3.152 7.47708
3.153 7.41092
3.154 7.34298
3.155 7.2733
3.156 7.20189
3.157 7.12876
3.158 7.05394
3.159 6.97744
3.16 6.89929
3.161 6.8195
3.162 6.73809
3.163 6.65509
3.164 6.57051
3.165 6.48437
3.166 6.39671
3.167 6.30754
3.168 6.21688
3.169 6.12475
3.17 6.03118
3.171 5.9362
3.172 5.83983
3.173 5.74208
3.174 5.64299
3.175 5.54258
3.176 5.44088
3.177 5.33791
3.178 5.2337
3.179 5.12828
3.18 5.02166
3.181 4.91389
3.182 4.80497
3.183 4.69495
3.184 4.58385
3.185 4.4717
3.186 4.35853
3.187 4.24436
3.188 4.12923
3.189 4.03537
3.19 3.9829
3.191 3.92953
3.192 3.87527
3.193 3.82014
3.194 3.76415
3.195 3.70731
3.196 3.64965
3.197 3.59117
3.198 3.53189
3.199 3.47183
3.2 3.41099
3.201 3.3494
3.202 3.28707
3.203 3.22402
3.204 3.16025
3.205 3.09579
3.206 3.03066
3.207 2.96486
3.208 2.89842
3.209 2.83136
3.21 2.76368
3.211 2.6954
3.212 2.62655
3.213 2.55714
3.214 2.48718
3.215 2.4167
3.216 2.34571
3.217 2.27423
3.218 2.20227
3.219 2.12985
3.22 2.057
3.221 1.98372
3.222 1.91005
3.223 1.83598
3.224 1.76155
3.225 1.68677
3.226 1.61166
3.227 1.53624
3.228 1.46052
3.229 1.38453
3.23 1.30828
3.231 1.23179
3.232 1.15507
3.233 1.07816
3.234 1.00106
3.235 0.923797
3.236 0.846386
3.237 0.768848
3.238 0.691199
3.239 0.61346
3.24 0.535649
3.241 0.457783
3.242 0.379883
3.243 0.301965
3.244 0.22405
3.245 0.146156
3.246 0.0683002
3.247 0
3.248 0
3.249 0
3.25 0
3.251 0
3.252 0
3.253 0
3.254 0
3.255 0
3.256 0
3.257 0
3.258 0
3.259 0
3.26 0
3.261 0
3.262 0
3.263 0
3.264 0
3.265 0
3.266 0
3.267 0
3.268 0
3.269 0
3.27 0
3.271 0
3.272 0
3.273 0
3.274 0
3.275 0
3.276 0
3.277 0
3.278 0
3.279 0
3.28 0
3.281 0
3.282 0
3.283 0
3.284 0
3.285 0
3.286 0
3.287 0
3.288 0
3.289 0
3.29 0
3.291 0
3.292 0
3.293 0
3.294 0
3.295 0
3.296 0
3.297 0.051943
3.298 0.112802
3.299 0.173632
3.3 0.234419
3.301 0.295148
3.302 0.355802
3.303 0.416367
3.304 0.476829
3.305 0.53717
3.306 0.597378
3.307 0.657435
3.308 0.717329
3.309 0.777042
3.31 0.836561
3.311 0.895871
3.312 0.954956
3.313 1.0138
3.314 1.0724
3.315 1.13072
3.316 1.18876
3.317 1.2465
3.318 1.30394
3.319 1.36104
3.32 1.41781
3.321 1.47422
3.322 1.53026
3.323 1.58591
3.324 1.64117
3.325 1.69602
3.326 1.75045
3.327 1.80444
3.328 1.85797
3.329 1.91104
3.33 1.96363
3.331 2.01573
3.332 2.06733
3.333 2.11841
3.334 2.16896
3.335 2.21896
3.336 2.26841
3.337 2.31729
3.338 2.3656
3.339 2.41331
3.34 2.46041
3.341 2.5069
3.342 2.55276
3.343 2.59799
3.344 2.64256
3.345 2.68647
3.346 2.72971
3.347 2.77227
3.348 2.81413
3.349 2.85529
3.35 2.89573
3.351 2.93545
3.352 2.97443
3.353 3.01267
3.354 3.05016
3.355 3.08688
3.356 3.12283
3.357 3.15799
3.358 3.19237
3.359 3.22595
3.36 3.25872
3.361 3.29067
3.362 3.3218
3.363 3.3521
3.364 3.38156
3.365 3.41017
3.366 3.43793
3.367 3.46483
3.368 3.49086
3.369 3.51602
3.37 3.5403
3.371 3.56369
3.372 3.58619
3.373 3.6078
3.374 3.62849
3.375 3.64829
3.376 3.66716
3.377 3.68512
3.378 3.70216
3.379 3.71827
3.38 3.73345
3.381 3.7477
3.382 3.761
3.383 3.77337
3.384 3.78479
3.385 3.79526
3.386 3.80479
3.387 3.81336
3.388 3.82097
3.389 3.82764
3.39 3.83334
3.391 3.83808
3.392 3.84186
3.393 3.84468
3.394 3.84654
3.395 3.84743
3.396 3.84737
3.397 3.84634
3.398 3.84434
3.399 3.84138
3.4 3.83747
3.401 3.83259
3.402 3.82675
3.403 3.81995
3.404 3.8122
3.405 3.8035
3.406 3.79384
3.407 3.78323
3.408 3.77167
3.409 3.75917
3.41 3.74573
3.411 3.73135
3.412 3.71604
3.413 3.6998
3.414 3.68263
3.415 3.66454
3.416 3.64553
3.417 3.62561
3.418 3.60478
3.419 3.58305
3.42 3.56042
3.421 3.5369
3.422 3.5125
3.423 3.48722
3.424 3.46106
3.425 3.43404
3.426 3.40615
3.427 3.37742
3.428 3.34784
3.429 3.31742
3.43 3.28617
3.431 3.25409
3.432 3.22121
3.433 3.18751
3.434 3.15302
3.435 3.11774
3.436 3.08168
3.437 3.04484
3.438 3.00725
3.439 2.9689
3.44 2.92981
3.441 2.88998
3.442 2.84943
3.443 2.80817
3.444 2.7662
3.445 2.72355
3.446 2.68021
3.447 2.63619
3.448 2.59152
3.449 2.5462
3.45 2.50024
3.451 2.45366
3.452 2.40646
3.453 2.35866
3.454 2.31027
3.455 2.2613
3.456 2.21176
3.457 2.16167
3.458 2.11104
3.459 2.05988
3.46 2.0082
3.461 1.95602
3.462 1.90335
3.463 1.85021
3.464 1.7966
3.465 1.74254
3.466 1.68804
3.467 1.63312
3.468 1.57779
3.469 1.52207
3.47 1.46597
3.471 1.40949
3.472 1.35267
3.473 1.2955
3.474 1.23802
3.475 1.18022
3.476 1.12212
3.477 1.06375
3.478 1.0051
3.479 0.946208
3.48 0.887075
3.481 0.827721
3.482 0.768159
3.483 0.708404
3.484 0.648471
3.485 0.588375
3.486 0.528132
3.487 0.467756
3.488 0.407263
3.489 0.346667
3.49 0.285984
3.491 0.225228
3.492 0.164416
3.493 0.103562
3.494 0.0426821
3.495 0
3.496 0
3.497 0
3.498 0
3.499 0
3.5 0
3.501 0
3.502 0
3.503 0
3.504 0
3.505 0
3.506 0
3.507 0
3.508 0
3.509 0
3.51 0
3.511 0
3.512 0.0385408
3.513 0.0988294
3.514 0.159096
3.515 0.219325
3.516 0.279502
3.517 0.339612
3.518 0.399639
3.519 0.459569
3.52 0.519386
3.521 0.579076
3.522 0.638624
3.523 0.698014
3.524 0.757232
3.525 0.816264
3.526 0.875094
3.527 0.933707
3.528 0.992089
3.529 1.05023
3.53 1.1081
3.531 1.1657
3.532 1.22302
3.533 1.28002
3.534 1.33671
3.535 1.39307
3.536 1.44909
3.537 1.50474
3.538 1.56002
3.539 1.61491
3.54 1.6694
3.541 1.72347
3.542 1.77712
3.543 1.83032
3.544 1.88307
3.545 1.93535
3.546 1.98714
3.547 2.03845
3.548 2.08924
3.549 2.13951
3.55 2.18926
3.551 2.23845
3.552 2.28709
3.553 2.33516
3.554 2.38265
3.555 2.42954
3.556 2.47583
3.557 2.5215
3.558 2.56654
3.559 2.61094
3.56 2.65469
3.561 2.69778
3.562 2.7402
3.563 2.78193
3.564 2.82297
3.565 2.8633
3.566 2.90292
3.567 2.94182
3.568 2.97999
3.569 3.01741
3.57 3.05407
3.571 3.08998
3.572 3.12511
3.573 3.15947
3.574 3.19304
3.575 3.22581
3.576 3.25777
3.577 3.28893
3.578 3.31926
3.579 3.34876
3.58 3.37743
3.581 3.40526
3.582 3.47138
3.583 3.60684
3.584 3.74141
3.585 3.88289
3.586 4.07183
3.587 4.25974
3.588 4.45493
3.589 4.68072
3.59 4.90533
3.591 5.12869
3.592 5.35076
3.593 5.57147
3.594 5.79077
3.595 6.00861
3.596 6.22493
3.597 6.43968
3.598 6.6528
3.599 6.86425
3.6 7.07396
3.601 7.28188
3.602 7.48797
3.603 7.69217
3.604 7.89443
3.605 8.0947
3.606 8.29293
3.607 8.48907
3.608 8.68307
3.609 8.87488
3.61 9.06446
3.611 9.25175
3.612 9.43671
3.613 9.6193
3.614 9.79946
3.615 9.97716
3.616 10.1523
3.617 10.325
3.618 10.495
3.619 10.6624
3.62 10.8271
3.621 10.9891
3.622 11.1483
3.623 11.3047
3.624 11.4583
3.625 11.609
3.626 11.7567
3.627 11.9016
3.628 12.0434
3.629 12.1822
3.63 12.3179
3.631 12.4505
3.632 12.58
3.633 12.7063
3.634 12.8295
3.635 12.9494
3.636 13.0661
3.637 13.1794
3.638 13.2895
3.639 13.3962
3.64 13.4996
3.641 13.5995
3.642 13.6961
3.643 13.7892
3.644 13.8788
3.645 13.9649
3.646 14.0476
3.647 14.1267
3.648 14.2022
3.649 14.2742
3.65 14.3426
3.651 14.4074
3.652 14.4686
3.653 14.5261
3.654 14.58
3.655 14.6302
3.656 14.6768
3.657 14.7196
3.658 14.7588
3.659 14.7942
3.66 14.826
3.661 14.854
3.662 14.8782
3.663 14.8988
3.664 14.9156
3.665 14.9286
3.666 14.9379
3.667 14.9434
3.668 14.9452
3.669 14.9433
3.67 14.9375
3.671 14.9281
3.672 14.9148
3.673 14.8979
3.674 14.8771
3.675 14.8527
3.676 14.8245
3.677 14.7926
3.678 14.7569
3.679 14.7176
3.68 14.6746
3.681 14.6278
3.682 14.5774
3.683 14.5234
3.684 14.4657
3.685 14.4043
3.686 14.3393
3.687 14.2708
3.688 14.1986
3.689 14.1229
3.69 14.0436
3.691 13.9608
3.692 13.8745
3.693 13.7847
3.694 13.6914
3.695 13.5947
3.696 13.4946
3.697 13.3911
3.698 13.2842
3.699 13.174
3.7 13.0604
3.701 12.9436
3.702 12.8235
3.703 12.7002
3.704 12.5737
3.705 12.4441
3.706 12.3113
3.707 12.1754
3.708 12.0365
3.709 11.8945
3.71 11.7496
3.711 11.6445
3.712 11.5539
3.713 11.4605
3.714 11.3641
3.715 11.2649
3.716 11.1628
3.717 11.058
3.718 10.9503
3.719 10.8399
3.72 10.7268
3.721 10.6109
3.722 10.4924
3.723 10.3713
3.724 10.2475
3.725 10.1212
3.726 9.99228
3.727 9.86087
3.728 9.72698
3.729 9.59064
3.73 9.45188
3.731 9.31074
3.732 9.25383
3.733 9.19706
3.734 9.13797
3.735 9.07656
3.736 9.01286
3.737 8.94687
3.738 8.87862
3.739 8.80813
3.74 8.7354
3.741 8.66046
3.742 8.58333
3.743 8.50403
3.744 8.42258
3.745 8.339
3.746 8.2533
3.747 8.16552
3.748 8.07567
3.749 7.98378
3.75 7.88987
3.751 7.79396
3.752 7.69609
3.753 7.59626
3.754 7.49452
3.755 7.39088
3.756 7.28537
3.757 7.17802
3.758 7.06886
3.759 6.95791
3.76 6.8452
3.761 6.73077
3.762 6.61463
3.763 6.49682
3.764 6.37737
3.765 6.25631
3.766 6.13368
3.767 6.00949
3.768 5.88379
3.769 5.75661
3.77 5.64216
3.771 5.55259
3.772 5.46167
3.773 5.36942
3.774 5.27587
3.775 5.18105
3.776 5.08497
3.777 4.98767
3.778 4.88916
3.779 4.78948
3.78 4.68865
3.781 4.65947
3.782 4.71371
3.783 4.77474
3.784 4.83462
3.785 4.89334
3.786 4.95088
3.787 5.04401
3.788 5.1391
3.789 5.23296
3.79 5.32556
3.791 5.41687
3.792 5.50688
3.793 5.59556
3.794 5.68289
3.795 5.76885
3.796 5.85341
3.797 5.93656
3.798 6.01828
3.799 6.09855
3.8 6.17734
3.801 6.25464
3.802 6.33043
3.803 6.40469
3.804 6.4774
3.805 6.54855
3.806 6.61812
3.807 6.68608
3.808 6.75244
3.809 6.81716
3.81 6.88023
3.811 6.94164
3.812 7.00138
3.813 7.05942
3.814 7.11576
3.815 7.17038
3.816 7.22327
3.817 7.27441
3.818 7.3238
3.819 7.37142
3.82 7.41726
3.821 7.46131
3.822 7.50356
3.823 7.544
3.824 7.58262
3.825 7.61941
3.826 7.65436
3.827 7.68747
3.828 7.71873
3.829 7.74813
3.83 7.77566
3.831 7.80132
3.832 7.8251
3.833 7.847
3.834 7.86701
3.835 7.88513
3.836 7.90136
3.837 7.91568
3.838 7.92811
3.839 7.93863
3.84 7.94725
3.841 7.95396
3.842 7.95876
3.843 7.96166
3.844 7.96265
3.845 7.96174
3.846 7.95892
3.847 7.9542
3.848 7.94758
3.849 7.93906
3.85 7.92864
3.851 7.91634
3.852 7.90215
3.853 7.88607
3.854 7.86812
3.855 7.84831
3.856 7.82662
3.857 7.80308
3.858 7.77769
3.859 7.75045
3.86 7.72139
3.861 7.69049
3.862 7.65778
3.863 7.62326
3.864 7.58695
3.865 7.54885
3.866 7.50897
3.867 7.46733
3.868 7.42394
3.869 7.37881
3.87 7.33195
3.871 7.28338
3.872 7.23311
3.873 7.18116
3.874 7.12753
3.875 7.07226
3.876 7.01534
3.877 6.9568
3.878 6.89665
3.879 6.83491
3.88 6.7716
3.881 6.70674
3.882 6.64034
3.883 6.57242
3.884 6.50301
3.885 6.43211
3.886 6.35976
3.887 6.28596
3.888 6.21075
3.889 6.13414
3.89 6.05616
3.891 5.97682
3.892 5.89615
3.893 5.81417
3.894 5.7309
3.895 5.64637
3.896 5.5606
3.897 5.47361
3.898 5.38543
3.899 5.29609
3.9 5.2056
3.901 5.114
3.902 5.0213
3.903 4.92754
3.904 4.83274
3.905 4.73692
3.906 4.64012
3.907 4.54236
3.908 4.44367
3.909 4.34407
3.91 4.24359
3.911 4.14227
3.912 4.04012
3.913 3.93718
3.914 3.83348
3.915 3.72904
3.916 3.62389
3.917 3.51807
3.918 3.4116
3.919 3.30451
3.92 3.19684
3.921 3.0886
3.922 2.97984
3.923 2.87058
3.924 2.76085
3.925 2.65068
3.926 2.54011
3.927 2.42916
3.928 2.31786
3.929 2.21291
3.93 2.1899
3.931 2.16662
3.932 2.14307
3.933 2.11927
3.934 2.09523
3.935 2.07095
3.936 2.04645
3.937 2.02173
3.938 1.9968
3.939 1.97167
3.94 1.94636
3.941 1.92086
3.942 1.89519
3.943 1.86935
3.944 1.84337
3.945 1.81724
3.946 1.79097
3.947 1.76458
3.948 1.73807
3.949 1.71145
3.95 1.68473
3.951 1.65792
3.952 1.63102
3.953 1.60406
3.954 1.57703
3.955 1.54994
3.956 1.52281
3.957 1.49564
3.958 1.46843
3.959 1.44121
3.96 1.41397
3.961 1.38673
3.962 1.35949
3.963 1.33227
3.964 1.30506
3.965 1.27788
3.966 1.25073
3.967 1.22363
3.968 1.19657
3.969 1.16958
3.97 1.14265
3.971 1.11579
3.972 1.089
3.973 1.06231
3.974 1.03571
3.975 1.02494
3.976 1.07767
3.977 1.13048
3.978 1.18338
3.979 1.23633
3.98 1.28933
3.981 1.34236
3.982 1.39541
3.983 1.44847
3.984 1.50151
3.985 1.55454
3.986 1.60752
3.987 1.66045
3.988 1.71331
3.989 1.7661
3.99 1.81878
3.991 1.87135
3.992 1.92379
3.993 1.97609
3.994 2.02823
3.995 2.0802
3.996 2.13198
3.997 2.18356
3.998 2.23491
3.999 2.28604
4 2.33691
4.001 2.38751
4.002 2.43784
4.003 2.48786
4.004 2.53758
4.005 2.58697
4.006 2.63601
4.007 2.6847
4.008 2.73301
4.009 2.78093
4.01 2.82844
4.011 2.87554
4.012 2.9222
4.013 2.9684
4.014 3.01415
4.015 3.05941
4.016 3.10417
4.017 3.14842
4.018 3.19215
4.019 3.23533
4.02 3.2792
4.021 3.33852
4.022 3.39701
4.023 3.45464
4.024 3.51141
4.025 3.56729
4.026 3.62229
4.027 3.67638
4.028 3.72954
4.029 3.78178
4.03 3.83306
4.031 3.88339
4.032 3.93275
4.033 3.98112
4.034 4.02849
4.035 4.07485
4.036 4.1202
4.037 4.16451
4.038 4.20778
4.039 4.24999
4.04 4.29114
4.041 4.33122
4.042 4.37021
4.043 4.40811
4.044 4.4449
4.045 4.48059
4.046 4.51515
4.047 4.54857
4.048 4.58086
4.049 4.6702
4.05 4.77385
4.051 4.87628
4.052 4.97747
4.053 5.07741
4.054 5.17605
4.055 5.27338
4.056 5.36937
4.057 5.464
4.058 5.55725
4.059 5.64909
4.06 5.73949
4.061 5.82845
4.062 5.91592
4.063 6.0019
4.064 6.08636
4.065 6.16928
4.066 6.25064
4.067 6.33042
4.068 6.40859
4.069 6.48515
4.07 6.56006
4.071 6.63331
4.072 6.70489
4.073 6.77477
4.074 6.84294
4.075 6.90939
4.076 6.97408
4.077 7.03701
4.078 7.09817
4.079 7.15753
4.08 7.21508
4.081 7.27081
4.082 7.3247
4.083 7.41446
4.084 7.51341
4.085 7.61046
4.086 7.70558
4.087 7.79875
4.088 7.88996
4.089 7.97916
4.09 8.06635
4.091 8.1515
4.092 8.23459
4.093 8.3156
4.094 8.39451
4.095 8.47129
4.096 8.54594
4.097 8.61843
4.098 8.68873
4.099 8.75685
4.1 8.82275
4.101 8.88642
4.102 8.94785
4.103 9.00702
4.104 9.06392
4.105 9.11852
4.106 9.17083
4.107 9.22081
4.108 9.26847
4.109 9.31379
4.11 9.35676
4.111 9.39737
4.112 9.4356
4.113 9.47145
4.114 9.50491
4.115 9.53598
4.116 9.56463
4.117 9.59087
4.118 9.61469
4.119 9.63609
4.12 9.65505
4.121 9.67157
4.122 9.68566
4.123 9.6973
4.124 9.70649
4.125 9.71323
4.126 9.71752
4.127 9.71936
4.128 9.71875
4.129 9.71568
4.13 9.71016
4.131 9.70219
4.132 9.69177
4.133 9.67891
4.134 9.6636
4.135 9.64585
4.136 9.62567
4.137 9.60306
4.138 9.57802
4.139 9.55057
4.14 9.52071
4.141 9.48844
4.142 9.45378
4.143 9.41673
4.144 9.3773
4.145 9.3355
4.146 9.29135
4.147 9.24485
4.148 9.19602
4.149 9.14486
4.15 9.0914
4.151 9.03563
4.152 8.97759
4.153 8.91728
4.154 8.85471
4.155 8.78991
4.156 8.72289
4.157 8.65366
4.158 8.58224
4.159 8.50866
4.16 8.43292
4.161 8.35506
4.162 8.27508
4.163 8.193
4.164 8.10886
4.165 8.02267
4.166 7.93444
4.167 7.84421
4.168 7.75199
4.169 7.65781
4.17 7.5617
4.171 7.46367
4.172 7.36375
4.173 7.26196
4.174 7.21123
4.175 7.18491
4.176 7.15677
4.177 7.12682
4.178 7.09506
4.179 7.0615
4.18 7.02616
4.181 6.98903
4.182 6.95014
4.183 6.90948
4.184 6.86707
4.185 6.82292
4.186 6.77704
4.187 6.72944
4.188 6.68013
4.189 6.62913
4.19 6.57645
4.191 6.5221
4.192 6.46609
4.193 6.40844
4.194 6.34917
4.195 6.28828
4.196 6.2258
4.197 6.16174
4.198 6.09611
4.199 6.02893
4.2 5.96022
4.201 5.88999
4.202 5.81827
4.203 5.74507
4.204 5.6704
4.205 5.5943
4.206 5.51677
4.207 5.43783
4.208 5.35751
4.209 5.27583
4.21 5.1928
4.211 5.10845
4.212 5.02279
4.213 4.93586
4.214 4.84766
4.215 4.75823
4.216 4.66758
4.217 4.57573
4.218 4.48272
4.219 4.38856
4.22 4.29328
4.221 4.1969
4.222 4.09945
4.223 4.00094
4.224 3.90141
4.225 3.80087
4.226 3.69936
4.227 3.5969
4.228 3.49351
4.229 3.38923
4.23 3.28407
4.231 3.17806
4.232 3.07123
4.233 2.9636
4.234 2.85521
4.235 2.74608
4.236 2.63624
4.237 2.52571
4.238 2.41452
4.239 2.3027
4.24 2.19028
4.241 2.07729
4.242 1.96375
4.243 1.84969
4.244 1.73514
4.245 1.62215
4.246 1.58059
4.247 1.53863
4.248 1.49627
4.249 1.45354
4.25 1.41044
4.251 1.36698
4.252 1.32317
4.253 1.27903
4.254 1.23456
4.255 1.18978
4.256 1.14469
4.257 1.09931
4.258 1.05365
4.259 1.00772
4.26 0.961538
4.261 0.915106
4.262 0.86844
4.263 0.821551
4.264 0.77445
4.265 0.727151
4.266 0.679664
4.267 0.632001
4.268 0.584175
4.269 0.536197
4.27 0.488079
4.271 0.439833
4.272 0.391472
4.273 0.343008
4.274 0.294452
4.275 0.245816
4.276 0.197114
4.277 0.148356
4.278 0.0995564
4.279 0.0507257
4.28 0.00187663
4.281 0
4.282 0
4.283 0
4.284 0
4.285 0
4.286 0
4.287 0
4.288 0
4.289 0
4.29 0
4.291 0
4.292 0
4.293 0
4.294 0
4.295 0
4.296 0.0202019
4.297 0.0475435
4.298 0.0748748
4.299 0.102189
4.3 0.129479
4.301 0.156739
4.302 0.193843
4.303 0.231451
4.304 0.268995
4.305 0.306464
4.306 0.343849
4.307 0.38114
4.308 0.418328
4.309 0.455404
4.31 0.492357
4.311 0.529179
4.312 0.56586
4.313 0.60239
4.314 0.638761
4.315 0.674963
4.316 0.710986
4.317 0.746822
4.318 0.782462
4.319 0.817895
4.32 0.853114
4.321 0.888109
4.322 0.922871
4.323 0.957392
4.324 0.991662
4.325 1.02567
4.326 1.05942
4.327 1.09288
4.328 1.12606
4.329 1.15895
4.33 1.19154
4.331 1.22381
4.332 1.25577
4.333 1.2874
4.334 1.3187
4.335 1.34965
4.336 1.38025
4.337 1.41049
4.338 1.44037
4.339 1.46987
4.34 1.499
4.341 1.52773
4.342 1.55606
4.343 1.584
4.344 1.61152
4.345 1.63862
4.346 1.6653
4.347 1.69155
4.348 1.71736
4.349 1.74273
4.35 1.76764
4.351 1.7921
4.352 1.81609
4.353 1.83961
4.354 1.86265
4.355 1.88522
4.356 1.90729
4.357 1.92888
4.358 1.94996
4.359 1.97054
4.36 1.9906
4.361 2.01016
4.362 2.09064
4.363 2.17327
4.364 2.25535
4.365 2.33683
4.366 2.41771
4.367 2.49797
4.368 2.57757
4.369 2.65652
4.37 2.73477
4.371 2.81232
4.372 2.88915
4.373 2.96523
4.374 3.04055
4.375 3.11508
4.376 3.18882
4.377 3.26173
4.378 3.3338
4.379 3.40502
4.38 3.47537
4.381 3.54482
4.382 3.61336
4.383 3.68097
4.384 3.74764
4.385 3.81335
4.386 3.87808
4.387 3.94182
4.388 4.06215
4.389 4.19102
4.39 4.31882
4.391 4.44551
4.392 4.57107
4.393 4.69546
4.394 4.81864
4.395 4.9406
4.396 5.06129
4.397 5.20923
4.398 5.37107
4.399 5.53154
4.4 5.6906
4.401 5.8482
4.402 6.00431
4.403 6.15889
4.404 6.3119
4.405 6.46952
4.406 6.667
4.407 6.86279
4.408 7.05684
4.409 7.2491
4.41 7.43951
4.411 7.62804
4.412 7.81464
4.413 7.99925
4.414 8.18183
4.415 8.36234
4.416 8.54073
4.417 8.71696
4.418 8.89098
4.419 9.06275
4.42 9.23222
4.421 9.39935
4.422 9.56411
4.423 9.72645
4.424 9.88632
4.425 10.0437
4.426 10.1985
4.427 10.3508
4.428 10.5004
4.429 10.6474
4.43 10.7917
4.431 10.9333
4.432 11.0721
4.433 11.2081
4.434 11.3412
4.435 11.4715
4.436 11.5989
4.437 11.7234
4.438 11.8449
4.439 11.9634
4.44 12.0789
4.441 12.1914
4.442 12.3008
4.443 12.407
4.444 12.5102
4.445 12.6101
4.446 12.7069
4.447 12.8005
4.448 12.8909
4.449 12.978
4.45 13.0618
4.451 13.1423
4.452 13.2195
4.453 13.2934
4.454 13.3639
4.455 13.431
4.456 13.4948
4.457 13.5551
4.458 13.6121
4.459 13.6655
4.46 13.7156
4.461 13.7622
4.462 13.8053
4.463 13.8449
4.464 13.881
4.465 13.9137
4.466 13.9428
4.467 13.9684
4.468 13.9905
4.469 14.009
4.47 14.024
4.471 14.0355
4.472 14.0434
4.473 14.0478
4.474 14.0487
4.475 14.046
4.476 14.0397
4.477 14.0299
4.478 14.0166
4.479 13.9997
4.48 13.9793
4.481 13.9554
4.482 13.9279
4.483 13.897
4.484 13.8713
4.485 13.8446
4.486 13.8144
4.487 13.7808
4.488 13.7437
4.489 13.7031
4.49 13.6592
4.491 13.6118
4.492 13.561
4.493 13.5068
4.494 13.4493
4.495 13.3982
4.496 13.3611
4.497 13.3208
4.498 13.2771
4.499 13.2301
4.5 13.1797
4.501 13.1261
4.502 13.0692
4.503 13.009
4.504 12.9455
4.505 12.8788
4.506 12.8089
4.507 12.7358
4.508 12.6594
4.509 12.58
4.51 12.4973
4.511 12.4115
4.512 12.3227
4.513 12.2307
4.514 12.1357
4.515 12.0376
4.516 11.9365
4.517 11.8324
4.518 11.7254
4.519 11.6154
4.52 11.5025
4.521 11.3868
4.522 11.2681
4.523 11.1467
4.524 11.0225
4.525 10.8955
4.526 10.7657
4.527 10.6333
4.528 10.4982
4.529 10.3605
4.53 10.2202
4.531 10.0773
4.532 9.93193
4.533 9.78404
4.534 9.6337
4.535 9.48095
4.536 9.32582
4.537 9.16836
4.538 9.0086
4.539 8.84658
4.54 8.68234
4.541 8.51593
4.542 8.34738
4.543 8.17674
4.544 8.00405
4.545 7.82936
4.546 7.6527
4.547 7.47412
4.548 7.29368
4.549 7.1114
4.55 6.92734
4.551 6.74154
4.552 6.55405
4.553 6.36492
4.554 6.17419
4.555 5.98191
4.556 5.78813
4.557 5.5929
4.558 5.39627
4.559 5.19828
4.56 5.05731
4.561 4.92102
4.562 4.78351
4.563 4.6448
4.564 4.50492
4.565 4.36393
4.566 4.22184
4.567 4.0787
4.568 3.93454
4.569 3.7894
4.57 3.64332
4.571 3.49632
4.572 3.34845
4.573 3.19975
4.574 3.05025
4.575 2.89999
4.576 2.749
4.577 2.59733
4.578 2.44501
4.579 2.29208
4.58 2.13858
4.581 1.98455
4.582 1.83003
4.583 1.67504
4.584 1.51964
4.585 1.36387
4.586 1.22024
4.587 1.13087
4.588 1.04122
4.589 0.951311
4.59 0.861165
4.591 0.770804
4.592 0.680251
4.593 0.589528
4.594 0.498659
4.595 0.435836
4.596 0.388541
4.597 0.341153
4.598 0.293685
4.599 0.246148
4.6 0.198554
4.601 0.150915
4.602 0.103243
4.603 0.0555499
4.604 0.00784783
4.605 0
4.606 0
4.607 0
4.608 0
4.609 0
4.61 0
4.611 0
4.612 0
4.613 0
4.614 0
4.615 0
4.616 0
4.617 0
4.618 0
4.619 0
4.62 0
4.621 0
4.622 0
4.623 0
4.624 0
4.625 0
4.626 0
4.627 0
4.628 0
4.629 0
4.63 0
4.631 0
4.632 0
4.633 0
4.634 0.0108506
4.635 0.0345566
4.636 0.0582597
4.637 0.0819541
4.638 0.105634
4.639 0.129293
4.64 0.152925
4.641 0.176524
4.642 0.200084
4.643 0.2236
4.644 0.247066
4.645 0.270474
4.646 0.29382
4.647 0.317098
4.648 0.340301
4.649 0.363424
4.65 0.386461
4.651 0.409405
4.652 0.432253
4.653 0.454996
4.654 0.47763
4.655 0.500149
4.656 0.522548
4.657 0.54482
4.658 0.56696
4.659 0.588962
4.66 0.610821
4.661 0.632531
4.662 0.654086
4.663 0.675482
4.664 0.696713
4.665 0.717773
4.666 0.738658
4.667 0.759361
4.668 0.779877
4.669 0.800202
4.67 0.820331
4.671 0.840257
4.672 0.859976
4.673 0.879484
4.674 0.898775
4.675 0.917844
4.676 0.936686
4.677 0.955297
4.678 0.973672
4.679 0.991807
4.68 1.0097
4.681 1.02734
4.682 1.04472
4.683 1.06185
4.684 1.07871
4.685 1.09531
4.686 1.11163
4.687 1.12768
4.688 1.14345
4.689 1.15894
4.69 1.17414
4.691 1.18904
4.692 1.20366
4.693 1.21797
4.694 1.23198
4.695 1.24569
4.696 1.25909
4.697 1.27217
4.698 1.28494
4.699 1.29739
4.7 1.30951
4.701 1.32131
4.702 1.33279
4.703 1.34393
4.704 1.35474
4.705 1.36521
4.706 1.37534
4.707 1.38513
4.708 1.39458
4.709 1.40368
4.71 1.41243
4.711 1.42083
4.712 1.42887
4.713 1.43657
4.714 1.4439
4.715 1.45088
4.716 1.45749
4.717 1.46374
4.718 1.46963
4.719 1.47516
4.72 1.48031
4.721 1.4851
4.722 1.48952
4.723 1.49358
4.724 1.49726
4.725 1.50056
4.726 1.5035
4.727 1.50606
4.728 1.50825
4.729 1.51006
4.73 1.5115
4.731 1.51257
4.732 1.51326
4.733 1.51357
4.734 1.51351
4.735 1.51307
4.736 1.51226
4.737 1.51107
4.738 1.50951
4.739 1.50758
4.74 1.50527
4.741 1.50259
4.742 1.49954
4.743 1.49611
4.744 1.49232
4.745 1.48815
4.746 1.48362
4.747 1.47872
4.748 1.47346
4.749 1.46783
4.75 1.46184
4.751 1.45549
4.752 1.44878
4.753 1.44172
4.754 1.43429
4.755 1.42652
4.756 1.41839
4.757 1.40991
4.758 1.40109
4.759 1.39192
4.76 1.38241
4.761 1.37256
4.762 1.36237
4.763 1.35185
4.764 1.341
4.765 1.32982
4.766 1.31831
4.767 1.30648
4.768 1.29433
4.769 1.28186
4.77 1.26908
4.771 1.256
4.772 1.2426
4.773 1.2289
4.774 1.2149
4.775 1.20061
4.776 1.18603
4.777 1.17116
4.778 1.156
4.779 1.14056
4.78 1.12485
4.781 1.10887
4.782 1.09262
4.783 1.0761
4.784 1.05933
4.785 1.0423
4.786 1.02502
4.787 1.0075
4.788 0.98973
4.789 0.971728
4.79 0.953495
4.791 0.935035
4.792 0.916353
4.793 0.897453
4.794 0.892778
4.795 0.921969
4.796 0.950936
4.797 0.97967
4.798 1.00817
4.799 1.03642
4.8 1.06441
4.801 1.09215
4.802 1.11962
4.803 1.14682
4.804 1.17375
4.805 1.20038
4.806 1.22672
4.807 1.25277
4.808 1.27851
4.809 1.30394
4.81 1.32905
4.811 1.35385
4.812 1.37831
4.813 1.40244
4.814 1.42622
4.815 1.44966
4.816 1.47275
4.817 1.49549
4.818 1.51786
4.819 1.53986
4.82 1.56149
4.821 1.58274
4.822 1.60361
4.823 1.62409
4.824 1.64418
4.825 1.66387
4.826 1.68316
4.827 1.70204
4.828 1.72051
4.829 1.73856
4.83 1.7562
4.831 1.77341
4.832 1.79019
4.833 1.80654
4.834 1.82245
4.835 1.85873
4.836 1.89677
4.837 1.93433
4.838 1.9714
4.839 2.00797
4.84 2.04404
4.841 2.07958
4.842 2.1146
4.843 2.14909
4.844 2.18303
4.845 2.21641
4.846 2.24924
4.847 2.2815
4.848 2.31318
4.849 2.34428
4.85 2.37479
4.851 2.40469
4.852 2.43399
4.853 2.46268
4.854 2.49074
4.855 2.51817
4.856 2.54497
4.857 2.57112
4.858 2.59663
4.859 2.62147
4.86 2.64566
4.861 2.66918
4.862 2.69203
4.863 2.7142
4.864 2.73568
4.865 2.75647
4.866 2.77657
4.867 2.79597
4.868 2.81466
4.869 2.83264
4.87 2.84991
4.871 2.86646
4.872 2.88228
4.873 2.89738
4.874 2.91175
4.875 2.92539
4.876 2.93829
4.877 2.95044
4.878 2.96186
4.879 2.97252
4.88 2.98244
4.881 2.9916
4.882 3.00002
4.883 3.00767
4.884 3.01457
4.885 3.02071
4.886 3.02608
4.887 3.0307
4.888 3.03455
4.889 3.03764
4.89 3.03996
4.891 3.04151
4.892 3.0423
4.893 3.04232
4.894 3.04158
4.895 3.04006
4.896 3.03779
4.897 3.03474
4.898 3.03094
4.899 3.02637
4.9 3.02103
4.901 3.01494
4.902 3.00808
4.903 3.00047
4.904 2.9921
4.905 2.98298
4.906 2.97311
4.907 2.96248
4.908 2.95111
4.909 2.939
4.91 2.92615
4.911 2.91256
4.912 2.89823
4.913 2.88317
4.914 2.86739
4.915 2.85089
4.916 2.83366
4.917 2.81573
4.918 2.79708
4.919 2.77773
4.92 2.75767
4.921 2.73693
4.922 2.71549
4.923 2.69336
4.924 2.67056
4.925 2.64709
4.926 2.62294
4.927 2.59814
4.928 2.57268
4.929 2.54657
4.93 2.51982
4.931 2.49244
4.932 2.46442
4.933 2.43578
4.934 2.40653
4.935 2.37667
4.936 2.34621
4.937 2.31516
4.938 2.28353
4.939 2.25131
4.94 2.21853
4.941 2.18519
4.942 2.1513
4.943 2.11686
4.944 2.08189
4.945 2.0464
4.946 2.01038
4.947 1.97386
4.948 1.93684
4.949 1.89932
4.95 1.86133
4.951 1.82287
4.952 1.78394
4.953 1.74457
4.954 1.70475
4.955 1.6645
4.956 1.62383
4.957 1.58275
4.958 1.54126
4.959 1.49939
4.96 1.45713
4.961 1.41451
4.962 1.37152
4.963 1.32819
4.964 1.28452
4.965 1.24053
4.966 1.19621
4.967 1.1516
4.968 1.10669
4.969 1.06149
4.97 1.01603
4.971 0.970306
4.972 0.924335
4.973 0.878128
4.974 0.831695
4.975 0.785049
4.976 0.738202
4.977 0.691164
4.978 0.643948
4.979 0.596566
4.98 0.549029
4.981 0.501349
4.982 0.453539
4.983 0.40561
4.984 0.357574
4.985 0.309443
4.986 0.261229
4.987 0.236241
4.988 0.221168
4.989 0.206008
4.99 0.190765
4.991 0.175442
4.992 0.189158
4.993 0.222142
4.994 0.255045
4.995 0.287857
4.996 0.320571
4.997 0.353178
4.998 0.38567
4.999 0.41804
