0 0
0.001 0
0.002 0
0.003 0
0.004 0
0.005 0
0.006 0
0.007 0
0.008 0
0.009 0
0.01 0
0.011 0
0.012 0
0.013 0
0.014 0
0.015 0
0.016 0
0.017 0
0.018 0
0.019 0
0.02 0
0.021 0
0.022 0
0.023 0
0.024 0
0.025 0
0.026 0
0.027 0
0.028 0
0.029 0
0.03 0
0.031 0
0.032 0
0.033 0
0.034 0
0.035 0
0.036 0
0.037 0
0.038 0
0.039 0
0.04 0
0.041 0
0.042 0
0.043 0
0.044 0
0.045 0
0.046 0
0.047 0
0.048 0
0.049 0
0.05 0
0.051 0
0.052 0
0.053 0
0.054 0
0.055 0
0.056 0
0.057 0
0.058 0
0.059 0
0.06 0
0.061 0
0.062 0
0.063 0
0.064 0
0.065 0
0.066 0
0.067 0
0.068 0
0.069 0
0.07 0
0.071 0
0.072 0
0.073 0
0.074 0
0.075 0
0.076 0
0.077 0
0.078 0
0.079 0
0.08 0
0.081 0
0.082 0
0.083 0
0.084 0
0.085 0
0.086 0
0.087 0
0.088 0
0.089 0
0.09 0
0.091 0
0.092 0
0.093 0
0.094 0
0.095 0
0.096 0
0.097 0
0.098 0
0.099 0
0.1 0
0.101 0
0.102 0
0.103 0
0.104 0
0.105 0
0.106 0
0.107 0
0.108 0
0.109 0
0.11 0
0.111 0
0.112 0
0.113 0
0.114 0
0.115 0
0.116 0
0.117 0
0.118 0
0.119 0
0.12 0
0.121 0
0.122 0
0.123 0
0.124 0
0.125 0
0.126 0
0.127 0
0.128 0
0.129 0
0.13 0
0.131 0
0.132 0
0.133 0
0.134 0
0.135 0
0.136 0
0.137 0
0.138 0
0.139 0
0.14 0
0.141 0
0.142 0
0.143 0
0.144 0
0.145 0
0.146 0
0.147 0
0.148 0
0.149 0
0.15 0
0.151 0
0.152 0
0.153 0
0.154 0
0.155 0
0.156 0
0.157 0
0.158 0
0.159 0
0.16 0
0.161 0
0.162 0
0.163 0
0.164 0
0.165 0
0.166 0
0.167 0
0.168 0
0.169 0
0.17 0
0.171 0
0.172 0
0.173 0
0.174 0
0.175 0
0.176 0
0.177 0
0.178 0
0.179 0
0.18 0
0.181 0
0.182 0
0.183 0
0.184 0
0.185 0
0.186 0
0.187 0
0.188 0
0.189 0
0.19 0
0.191 0
0.192 0
0.193 0
0.194 0
0.195 0
0.196 0
0.197 0
0.198 0
0.199 0
0.2 0
0.201 0
0.202 0
0.203 0
0.204 0
0.205 0
0.206 0
0.207 0
0.208 0
0.209 0
0.21 0
0.211 0
0.212 0
0.213 0
0.214 0
0.215 0
0.216 0
0.217 0
0.218 0
0.219 0
0.22 0
0.221 0
0.222 0
0.223 0
0.224 0
0.225 0
0.226 0
0.227 0
0.228 0
0.229 0
0.23 0
0.231 0
0.232 0
0.233 0
0.234 0
0.235 0
0.236 0
0.237 0
0.238 0
0.239 0
0.24 0
0.241 0
0.242 0
0.243 0
0.244 0
0.245 0
0.246 0
0.247 0
0.248 0
0.249 0
0.25 0
0.251 0
0.252 0
0.253 0
0.254 0
0.255 0
0.256 0
0.257 0
0.258 0
0.259 0
0.26 0
0.261 0
0.262 0
0.263 0
0.264 0
0.265 0
0.266 0
0.267 0
0.268 0
0.269 0
0.27 0
0.271 0
0.272 0
0.273 0
0.274 0
0.275 0
0.276 0
0.277 0
0.278 0
0.279 0
0.28 0
0.281 0
0.282 0
0.283 0
0.284 0
0.285 0
0.286 0
0.287 0
0.288 0
0.289 0
0.29 0
0.291 0
0.292 0
0.293 0
0.294 0
0.295 0
0.296 0
0.297 0
0.298 0
0.299 0
0.3 0
0.301 0
0.302 0
0.303 0
0.304 0
0.305 0
0.306 0
0.307 0
0.308 0
0.309 0
0.31 0
0.311 0
0.312 0
0.313 0
0.314 0
0.315 0
0.316 0
0.317 0
0.318 0
0.319 0
0.32 0
0.321 0
0.322 0
0.323 0
0.324 0
0.325 0
0.326 0
0.327 0
0.328 0
0.329 0
0.33 0
0.331 0
0.332 0
0.333 0
0.334 0
0.335 0
0.336 0
0.337 0
0.338 0
0.339 0
0.34 0
0.341 0
0.342 0
0.343 0
0.344 0
0.345 0
0.346 0
0.347 0
0.348 0
0.349 0
0.35 0
0.351 0
0.352 0
0.353 0
0.354 0
0.355 0
0.356 0
0.357 0
0.358 0
0.359 0
0.36 0
0.361 0
0.362 0
0.363 0
0.364 0
0.365 0
0.366 0
0.367 0
0.368 0
0.369 0
0.37 0
0.371 0
0.372 0
0.373 0
0.374 0
0.375 0
0.376 0
0.377 0
0.378 0
0.379 0
0.38 0
0.381 0
0.382 0
0.383 0
0.384 0
0.385 0
0.386 0
0.387 0
0.388 0
0.389 0
0.39 0
0.391 0
0.392 0
0.393 0
0.394 0
0.395 0
0.396 0
0.397 0
0.398 0
0.399 0
0.4 0
0.401 0
0.402 0
0.403 0
0.404 0
0.405 0
0.406 0
0.407 0
0.408 0
0.409 0
0.41 0
0.411 0
0.412 0
0.413 0
0.414 0
0.415 0
0.416 0
0.417 0
0.418 0
0.419 0
0.42 0
0.421 0
0.422 0
0.423 0
0.424 0
0.425 0
0.426 0
0.427 0
0.428 0
0.429 0
0.43 0
0.431 0
0.432 0
0.433 0
0.434 0
0.435 0
0.436 0
0.437 0
0.438 0
0.439 0
0.44 0
0.441 0
0.442 0
0.443 0
0.444 0
0.445 0
0.446 0
0.447 0
0.448 0
0.449 0
0.45 0
0.451 0
0.452 0
0.453 0
0.454 0
0.455 0
0.456 0
0.457 0
0.458 0
0.459 0
0.46 0
0.461 0
0.462 0
0.463 0
0.464 0
0.465 0
0.466 0
0.467 0
0.468 0
0.469 0
0.47 0
0.471 0
0.472 0
0.473 0
0.474 0
0.475 0
0.476 0
0.477 0
0.478 0
0.479 0
0.48 0
0.481 0
0.482 0
0.483 0
0.484 0
0.485 0
0.486 0
0.487 0
0.488 0
0.489 0
0.49 0
0.491 0
0.492 0
0.493 0
0.494 0
0.495 0
0.496 0
0.497 0
0.498 0
0.499 0
0.5 0
0.501 0
0.502 0
0.503 0
0.504 0
0.505 0
0.506 0
0.507 0
0.508 0
0.509 0
0.51 0
0.511 0
0.512 0
0.513 0
0.514 0
0.515 0
0.516 0
0.517 0
0.518 0
0.519 0
0.52 0
0.521 0
0.522 0
0.523 0
0.524 0
0.525 0
0.526 0
0.527 0
0.528 0
0.529 0
0.53 0
0.531 0
0.532 0
0.533 0
0.534 0
0.535 0
0.536 0
0.537 0
0.538 0
0.539 0
0.54 0
0.541 0
0.542 0
0.543 0
0.544 0
0.545 0
0.546 0
0.547 0
0.548 0
0.549 0
0.55 0
0.551 0
0.552 0
0.553 0
0.554 0
0.555 0
0.556 0
0.557 0
0.558 0
0.559 0
0.56 0
0.561 0
0.562 0
0.563 0
0.564 0
0.565 0
0.566 0
0.567 0
0.568 0
0.569 0
0.57 0
0.571 0
0.572 0
0.573 0
0.574 0
0.575 0
0.576 0
0.577 0
0.578 0
0.579 0
0.58 0
0.581 0
0.582 0
0.583 0
0.584 0
0.585 0
0.586 0
0.587 0
0.588 0
0.589 0
0.59 0
0.591 0
0.592 0
0.593 0
0.594 0
0.595 0
0.596 0
0.597 0
0.598 0
0.599 0
0.6 0
0.601 0
0.602 0
0.603 0
0.604 0
0.605 0
0.606 0
0.607 0
0.608 0
0.609 0
0.61 0
0.611 0
0.612 0
0.613 0
0.614 0
0.615 0
0.616 0
0.617 0
0.618 0
0.619 0
0.62 0
0.621 0
0.622 0
0.623 0
0.624 0
0.625 0
0.626 0
0.627 0
0.628 0
0.629 0
0.63 0
0.631 0
0.632 0
0.633 0
0.634 0
0.635 0
0.636 0
0.637 0
0.638 0
0.639 0
0.64 0
0.641 0
0.642 0
0.643 0
0.644 0
0.645 0
0.646 0
0.647 0
0.648 0
0.649 0
0.65 0
0.651 0
0.652 0
0.653 0
0.654 0
0.655 0
0.656 0
0.657 0
0.658 0
0.659 0
0.66 0
0.661 0
0.662 0.208139
0.663 0.478847
0.664 0.749514
0.665 1.02007
0.666 1.29046
0.667 1.56059
0.668 1.83042
0.669 2.09987
0.67 2.36887
0.671 2.63735
0.672 2.90525
0.673 3.1725
0.674 3.43904
0.675 3.70479
0.676 3.96969
0.677 4.23368
0.678 4.49668
0.679 4.75863
0.68 5.01947
0.681 5.27913
0.682 5.53754
0.683 5.79465
0.684 6.05037
0.685 6.30466
0.686 6.55745
0.687 6.80867
0.688 7.05826
0.689 7.30616
0.69 7.55231
0.691 7.79664
0.692 8.03909
0.693 8.2796
0.694 8.51812
0.695 8.75458
0.696 8.98892
0.697 9.22108
0.698 9.45101
0.699 9.67865
0.7 9.90394
0.701 10.1268
0.702 10.3472
0.703 10.5651
0.704 10.7805
0.705 10.9932
0.706 11.2032
0.707 11.4105
0.708 11.615
0.709 11.8167
0.71 12.0155
0.711 12.2113
0.712 12.4042
0.713 12.594
0.714 12.7808
0.715 12.9644
0.716 13.1449
0.717 13.3221
0.718 13.4961
0.719 13.6667
0.72 13.834
0.721 13.998
0.722 14.1584
0.723 14.3155
0.724 14.469
0.725 14.6189
0.726 14.7653
0.727 14.908
0.728 15.0471
0.729 15.1825
0.73 15.3141
0.731 15.442
0.732 15.5661
0.733 15.6863
0.734 15.8027
0.735 15.9152
0.736 16.0239
0.737 16.1285
0.738 16.2292
0.739 16.3259
0.74 16.4186
0.741 16.5072
0.742 16.5918
0.743 16.6723
0.744 16.7487
0.745 16.821
0.746 16.8891
0.747 16.9531
0.748 17.0129
0.749 17.0685
0.75 17.1199
0.751 17.167
0.752 17.21
0.753 17.2487
0.754 17.2832
0.755 17.3134
0.756 17.3393
0.757 17.361
0.758 17.3784
0.759 17.3915
0.76 17.4003
0.761 17.4049
0.762 17.4051
0.763 17.4011
0.764 17.3928
0.765 17.3802
0.766 17.3633
0.767 17.3421
0.768 17.3167
0.769 17.287
0.77 17.253
0.771 17.2148
0.772 17.1723
0.773 17.1257
0.774 17.0748
0.775 17.0196
0.776 16.9603
0.777 16.8969
0.778 16.8292
0.779 16.7575
0.78 16.6815
0.781 16.6015
0.782 16.5174
0.783 16.4293
0.784 16.3371
0.785 16.2408
0.786 16.1406
0.787 16.0364
0.788 15.9283
0.789 15.8162
0.79 15.7003
0.791 15.5804
0.792 15.4568
0.793 15.3294
0.794 15.1982
0.795 15.0632
0.796 14.9246
0.797 14.7823
0.798 14.6363
0.799 14.4868
0.8 14.3337
0.801 14.1771
0.802 14.017
0.803 13.8535
0.804 13.6866
0.805 13.5163
0.806 13.3427
0.807 13.1658
0.808 12.9857
0.809 12.8025
0.81 12.6161
0.811 12.4266
0.812 12.2341
0.813 12.0385
0.814 11.8401
0.815 11.6387
0.816 11.4345
0.817 11.2275
0.818 11.0178
0.819 10.8054
0.82 10.5904
0.821 10.3727
0.822 10.1526
0.823 9.92997
0.824 9.70494
0.825 9.47756
0.826 9.24787
0.827 9.01594
0.828 8.78182
0.829 8.54558
0.83 8.30728
0.831 8.06696
0.832 7.8247
0.833 7.58056
0.834 7.33459
0.835 7.08686
0.836 6.83742
0.837 6.58635
0.838 6.33371
0.839 6.07955
0.84 5.82394
0.841 5.56695
0.842 5.30865
0.843 5.04908
0.844 4.78833
0.845 4.52645
0.846 4.26352
0.847 3.99959
0.848 3.73473
0.849 3.46902
0.85 3.20251
0.851 2.93527
0.852 2.66738
0.853 2.39889
0.854 2.12988
0.855 1.8604
0.856 1.59054
0.857 1.39565
0.858 1.36381
0.859 1.33172
0.86 1.29938
0.861 1.2668
0.862 1.26701
0.863 1.50467
0.864 1.74196
0.865 1.97882
0.866 2.2152
0.867 2.45103
0.868 2.68626
0.869 2.92083
0.87 3.15467
0.871 3.38773
0.872 3.61996
0.873 3.85129
0.874 4.08166
0.875 4.31102
0.876 4.53931
0.877 4.76647
0.878 4.99245
0.879 5.21719
0.88 5.44063
0.881 5.66271
0.882 5.88339
0.883 6.10261
0.884 6.32031
0.885 6.53643
0.886 6.75093
0.887 6.96374
0.888 7.17482
0.889 7.38412
0.89 7.59157
0.891 7.79714
0.892 8.00076
0.893 8.20238
0.894 8.40196
0.895 8.59945
0.896 8.7948
0.897 8.98795
0.898 9.17886
0.899 9.36748
0.9 9.55376
0.901 9.73766
0.902 9.91914
0.903 10.0981
0.904 10.2746
0.905 10.6532
0.906 11.0341
0.907 11.4121
0.908 11.7874
0.909 12.1596
0.91 12.5289
0.911 12.895
0.912 13.2579
0.913 13.6175
0.914 13.9737
0.915 14.3264
0.916 14.6755
0.917 15.0209
0.918 15.3626
0.919 15.7005
0.92 16.0344
0.921 16.3643
0.922 16.6902
0.923 17.0118
0.924 17.3292
0.925 17.6423
0.926 17.951
0.927 18.2552
0.928 18.6175
0.929 19.0452
0.93 19.4681
0.931 19.8861
0.932 20.2992
0.933 20.7072
0.934 21.11
0.935 21.5076
0.936 21.8998
0.937 22.2865
0.938 22.6677
0.939 23.0432
0.94 23.4129
0.941 23.7768
0.942 24.1347
0.943 24.4867
0.944 24.8325
0.945 25.1721
0.946 25.5054
0.947 25.8323
0.948 26.1528
0.949 26.4668
0.95 26.7741
0.951 27.0747
0.952 27.3686
0.953 27.6557
0.954 27.9358
0.955 28.209
0.956 28.4751
0.957 28.734
0.958 28.9859
0.959 29.2304
0.96 29.4677
0.961 29.6976
0.962 29.9201
0.963 30.1351
0.964 30.3425
0.965 30.5424
0.966 30.7347
0.967 30.9192
0.968 31.0961
0.969 31.2652
0.97 31.4264
0.971 31.5798
0.972 31.7253
0.973 31.8629
0.974 31.9926
0.975 32.1142
0.976 32.2278
0.977 32.3333
0.978 32.4308
0.979 32.5201
0.98 32.6014
0.981 32.6745
0.982 32.7394
0.983 32.7961
0.984 32.8447
0.985 32.885
0.986 32.9171
0.987 32.941
0.988 32.9566
0.989 32.964
0.99 32.9632
0.991 32.9542
0.992 32.9369
0.993 32.9113
0.994 32.8776
0.995 32.8356
0.996 32.7854
0.997 32.727
0.998 32.6605
0.999 32.5858
1 32.5029
1.001 32.4119
1.002 32.3128
1.003 32.2057
1.004 32.0905
1.005 31.9673
1.006 31.836
1.007 31.6969
1.008 31.5498
1.009 31.3948
1.01 31.232
1.011 31.0614
1.012 30.883
1.013 30.6969
1.014 30.5031
1.015 30.3017
1.016 30.0927
1.017 29.8762
1.018 29.6523
1.019 29.4209
1.02 29.1822
1.021 28.9362
1.022 28.6829
1.023 28.4225
1.024 28.155
1.025 27.8805
1.026 27.599
1.027 27.3106
1.028 27.0153
1.029 26.7134
1.03 26.4929
1.031 26.3303
1.032 26.1612
1.033 25.9855
1.034 25.8033
1.035 25.6204
1.036 25.6757
1.037 25.8547
1.038 26.3372
1.039 26.8133
1.04 27.283
1.041 27.7461
1.042 28.2025
1.043 28.6521
1.044 29.0947
1.045 29.5303
1.046 29.9587
1.047 30.3798
1.048 30.7936
1.049 31.1998
1.05 31.5985
1.051 31.9894
1.052 32.5093
1.053 33.0546
1.054 33.5918
1.055 34.1208
1.056 34.753
1.057 35.5039
1.058 36.246
1.059 36.9792
1.06 37.7034
1.061 38.4183
1.062 39.1238
1.063 39.8197
1.064 40.5058
1.065 41.1819
1.066 42.0092
1.067 42.909
1.068 43.7983
1.069 44.6768
1.07 45.5442
1.071 46.4004
1.072 47.3458
1.073 48.3947
1.074 49.4317
1.075 50.4565
1.076 51.4689
1.077 52.4685
1.078 53.4551
1.079 54.4286
1.08 55.3885
1.081 56.3348
1.082 57.2671
1.083 58.1853
1.084 59.089
1.085 59.9781
1.086 60.8524
1.087 61.7116
1.088 62.5554
1.089 63.3838
1.09 64.1964
1.091 64.9932
1.092 65.7738
1.093 66.5381
1.094 67.2859
1.095 68.017
1.096 68.7893
1.097 69.7071
1.098 70.6077
1.099 71.4908
1.1 72.356
1.101 73.2034
1.102 74.0325
1.103 74.9371
1.104 75.9389
1.105 76.9218
1.106 77.8856
1.107 78.8301
1.108 79.7549
1.109 80.66
1.11 81.545
1.111 82.4098
1.112 83.2541
1.113 84.0778
1.114 84.8805
1.115 85.6934
1.116 86.6676
1.117 87.6202
1.118 88.5512
1.119 89.4601
1.12 90.3468
1.121 91.2111
1.122 92.0528
1.123 92.8716
1.124 93.6673
1.125 94.4398
1.126 95.1889
1.127 95.9925
1.128 96.8268
1.129 97.637
1.13 98.423
1.131 99.1846
1.132 99.9215
1.133 100.634
1.134 101.321
1.135 101.983
1.136 102.62
1.137 103.231
1.138 103.817
1.139 104.377
1.14 104.911
1.141 105.42
1.142 105.902
1.143 106.358
1.144 106.788
1.145 107.191
1.146 107.568
1.147 107.918
1.148 108.241
1.149 108.538
1.15 108.808
1.151 109.052
1.152 109.268
1.153 109.458
1.154 109.62
1.155 109.756
1.156 109.865
1.157 109.947
1.158 110.038
1.159 110.279
1.16 110.493
1.161 110.68
1.162 110.84
1.163 110.972
1.164 111.321
1.165 111.893
1.166 112.439
1.167 112.957
1.168 113.447
1.169 113.911
1.17 114.347
1.171 114.756
1.172 115.137
1.173 115.491
1.174 115.817
1.175 116.277
1.176 116.758
1.177 117.212
1.178 117.639
1.179 118.038
1.18 118.409
1.181 118.753
1.182 119.069
1.183 119.357
1.184 119.618
1.185 119.852
1.186 120.058
1.187 120.236
1.188 120.388
1.189 120.512
1.19 120.609
1.191 120.678
1.192 120.721
1.193 120.737
1.194 120.95
1.195 121.141
1.196 121.305
1.197 121.442
1.198 121.552
1.199 121.637
1.2 121.694
1.201 121.725
1.202 121.73
1.203 121.709
1.204 121.661
1.205 121.587
1.206 121.487
1.207 121.36
1.208 121.208
1.209 121.03
1.21 120.826
1.211 120.596
1.212 120.488
1.213 120.393
1.214 120.272
1.215 120.126
1.216 119.954
1.217 119.757
1.218 119.698
1.219 119.663
1.22 119.603
1.221 119.518
1.222 119.409
1.223 119.276
1.224 119.123
1.225 119.08
1.226 119.014
1.227 118.925
1.228 118.825
1.229 118.843
1.23 118.838
1.231 118.811
1.232 118.762
1.233 118.691
1.234 118.653
1.235 118.715
1.236 118.819
1.237 119.147
1.238 119.516
1.239 119.864
1.24 120.19
1.241 120.496
1.242 120.78
1.243 121.043
1.244 121.284
1.245 121.504
1.246 121.701
1.247 121.876
1.248 122.029
1.249 122.16
1.25 122.267
1.251 122.352
1.252 122.563
1.253 122.773
1.254 122.959
1.255 123.123
1.256 123.264
1.257 123.384
1.258 123.481
1.259 123.557
1.26 123.613
1.261 123.649
1.262 123.665
1.263 123.664
1.264 123.645
1.265 123.61
1.266 123.561
1.267 123.497
1.268 123.42
1.269 123.331
1.27 123.283
1.271 123.442
1.272 123.671
1.273 123.889
1.274 124.096
1.275 124.291
1.276 124.473
1.277 124.641
1.278 124.794
1.279 124.95
1.28 125.213
1.281 125.457
1.282 125.68
1.283 125.882
1.284 126.062
1.285 126.218
1.286 126.35
1.287 126.456
1.288 126.535
1.289 126.588
1.29 126.614
1.291 126.611
1.292 126.58
1.293 126.52
1.294 126.431
1.295 126.457
1.296 126.529
1.297 126.572
1.298 126.584
1.299 126.566
1.3 126.517
1.301 126.438
1.302 126.328
1.303 126.188
1.304 126.016
1.305 125.814
1.306 125.581
1.307 125.317
1.308 125.022
1.309 124.696
1.31 124.34
1.311 123.953
1.312 123.536
1.313 123.243
1.314 122.996
1.315 122.873
1.316 122.721
1.317 122.537
1.318 122.324
1.319 122.08
1.32 121.805
1.321 121.501
1.322 121.166
1.323 120.802
1.324 120.611
1.325 120.394
1.326 120.147
1.327 119.87
1.328 119.564
1.329 119.425
1.33 119.295
1.331 119.136
1.332 118.947
1.333 118.729
1.334 118.482
1.335 118.36
1.336 118.282
1.337 118.206
1.338 118.212
1.339 118.189
1.34 118.137
1.341 118.056
1.342 117.945
1.343 117.806
1.344 117.637
1.345 117.439
1.346 117.212
1.347 116.955
1.348 116.67
1.349 116.357
1.35 116.014
1.351 115.643
1.352 115.243
1.353 114.814
1.354 114.358
1.355 113.872
1.356 113.359
1.357 112.984
1.358 112.628
1.359 112.244
1.36 111.832
1.361 111.393
1.362 110.926
1.363 110.758
1.364 110.73
1.365 110.674
1.366 110.591
1.367 110.481
1.368 110.344
1.369 110.225
1.37 110.22
1.371 110.187
1.372 110.127
1.373 110.04
1.374 109.926
1.375 109.847
1.376 109.889
1.377 109.904
1.378 109.892
1.379 109.852
1.38 109.785
1.381 109.691
1.382 109.57
1.383 109.422
1.384 109.247
1.385 109.045
1.386 108.815
1.387 108.559
1.388 108.276
1.389 107.966
1.39 107.63
1.391 107.267
1.392 106.923
1.393 106.735
1.394 106.521
1.395 106.281
1.396 106.014
1.397 105.721
1.398 105.402
1.399 105.056
1.4 104.685
1.401 104.406
1.402 104.153
1.403 103.874
1.404 103.57
1.405 103.24
1.406 102.885
1.407 102.505
1.408 102.099
1.409 101.668
1.41 101.237
1.411 100.941
1.412 100.621
1.413 100.276
1.414 99.9066
1.415 99.5123
1.416 99.0934
1.417 98.6502
1.418 98.1826
1.419 97.6908
1.42 97.18
1.421 96.8518
1.422 96.4997
1.423 96.1237
1.424 95.8142
1.425 95.5297
1.426 95.2215
1.427 94.8899
1.428 94.5347
1.429 94.1562
1.43 93.7545
1.431 93.3295
1.432 92.8816
1.433 92.5014
1.434 92.1826
1.435 91.9277
1.436 91.7061
1.437 91.4619
1.438 91.1951
1.439 91.0253
1.44 90.8938
1.441 90.7399
1.442 90.5637
1.443 90.3651
1.444 90.1444
1.445 89.9015
1.446 89.6364
1.447 89.3494
1.448 89.0404
1.449 88.7095
1.45 88.3569
1.451 87.9826
1.452 87.5867
1.453 87.1694
1.454 86.7307
1.455 86.2708
1.456 85.7898
1.457 85.2878
1.458 84.765
1.459 84.2215
1.46 83.6574
1.461 83.0729
1.462 82.4682
1.463 81.8434
1.464 81.1987
1.465 80.5342
1.466 79.8501
1.467 79.1467
1.468 78.424
1.469 77.6824
1.47 77.0184
1.471 76.3755
1.472 75.7142
1.473 75.0345
1.474 74.3367
1.475 73.6515
1.476 72.9529
1.477 72.2361
1.478 71.5015
1.479 70.7491
1.48 70.0267
1.481 69.4464
1.482 68.8489
1.483 68.2343
1.484 67.6028
1.485 66.9546
1.486 66.2897
1.487 65.6085
1.488 65.1096
1.489 64.6193
1.49 64.2391
1.491 63.9121
1.492 63.5693
1.493 63.2108
1.494 62.8366
1.495 62.447
1.496 62.042
1.497 61.6217
1.498 61.1861
1.499 60.7355
1.5 60.27
1.501 59.7896
1.502 59.2944
1.503 58.7847
1.504 58.2605
1.505 57.722
1.506 57.1693
1.507 56.6026
1.508 56.0219
1.509 55.4275
1.51 54.8256
1.511 54.5139
1.512 54.2547
1.513 53.9823
1.514 53.6966
1.515 53.3978
1.516 53.086
1.517 52.7612
1.518 52.4235
1.519 52.073
1.52 51.8052
1.521 51.5895
1.522 51.3612
1.523 51.1204
1.524 50.9883
1.525 50.9314
1.526 50.8622
1.527 50.7807
1.528 50.9073
1.529 51.0338
1.53 51.1654
1.531 51.3386
1.532 51.4991
1.533 51.647
1.534 51.9951
1.535 52.3455
1.536 52.683
1.537 53.0076
1.538 53.3882
1.539 53.8238
1.54 54.2462
1.541 54.6553
1.542 55.051
1.543 55.4332
1.544 55.9953
1.545 56.5968
1.546 57.3458
1.547 58.081
1.548 58.8023
1.549 59.5094
1.55 60.2022
1.551 60.8805
1.552 61.5442
1.553 62.1931
1.554 62.8271
1.555 63.4459
1.556 64.0496
1.557 64.6378
1.558 65.2106
1.559 65.7677
1.56 66.3091
1.561 66.8346
1.562 67.3442
1.563 67.8376
1.564 68.3149
1.565 68.7758
1.566 69.2204
1.567 69.6486
1.568 70.107
1.569 70.6887
1.57 71.2537
1.571 71.8018
1.572 72.333
1.573 72.8472
1.574 73.3443
1.575 73.8242
1.576 74.2868
1.577 74.7322
1.578 75.2118
1.579 75.7013
1.58 76.1733
1.581 76.6279
1.582 77.1337
1.583 77.7083
1.584 78.2653
1.585 78.8046
1.586 79.3262
1.587 79.83
1.588 80.316
1.589 80.7841
1.59 81.2344
1.591 81.6668
1.592 82.0813
1.593 82.4779
1.594 82.8566
1.595 83.2175
1.596 83.5605
1.597 83.8856
1.598 84.1929
1.599 84.4824
1.6 84.754
1.601 85.0078
1.602 85.2438
1.603 85.4621
1.604 85.6625
1.605 85.8452
1.606 86.01
1.607 86.1571
1.608 86.3522
1.609 86.5448
1.61 86.716
1.611 86.8657
1.612 86.9938
1.613 87.1003
1.614 87.1853
1.615 87.2486
1.616 87.2903
1.617 87.3103
1.618 87.3087
1.619 87.2854
1.62 87.2405
1.621 87.1739
1.622 87.0857
1.623 86.976
1.624 86.8446
1.625 86.6917
1.626 86.5173
1.627 86.3215
1.628 86.1042
1.629 85.8656
1.63 85.6057
1.631 85.3246
1.632 85.0223
1.633 84.699
1.634 84.3546
1.635 84.0534
1.636 83.854
1.637 83.6338
1.638 83.3928
1.639 83.2349
1.64 83.133
1.641 83.0105
1.642 82.8674
1.643 82.7037
1.644 82.5196
1.645 82.3151
1.646 82.0902
1.647 81.8449
1.648 81.5794
1.649 81.2937
1.65 80.9879
1.651 80.6621
1.652 80.3163
1.653 79.9507
1.654 79.5653
1.655 79.1603
1.656 78.7358
1.657 78.2918
1.658 77.8285
1.659 77.346
1.66 76.8445
1.661 76.324
1.662 75.7848
1.663 75.2269
1.664 74.6505
1.665 74.0557
1.666 73.4428
1.667 72.8119
1.668 72.1631
1.669 71.4966
1.67 70.8126
1.671 70.1484
1.672 69.5197
1.673 68.8962
1.674 68.3536
1.675 67.7947
1.676 67.2195
1.677 66.6283
1.678 66.0212
1.679 65.3984
1.68 64.7601
1.681 64.1065
1.682 63.4377
1.683 62.754
1.684 62.0555
1.685 61.3424
1.686 60.625
1.687 60.1067
1.688 59.5818
1.689 59.2304
1.69 58.8653
1.691 58.5279
1.692 58.2031
1.693 57.8649
1.694 57.5133
1.695 57.1485
1.696 56.7706
1.697 56.3798
1.698 55.976
1.699 55.5596
1.7 55.1305
1.701 54.689
1.702 54.2351
1.703 53.7689
1.704 53.2908
1.705 52.8006
1.706 52.2987
1.707 51.7851
1.708 51.2599
1.709 50.7894
1.71 50.5484
1.711 50.3755
1.712 50.1916
1.713 50.0205
1.714 49.8864
1.715 49.7416
1.716 49.5861
1.717 49.5428
1.718 49.5047
1.719 49.456
1.72 49.3967
1.721 49.4866
1.722 49.5733
1.723 49.6494
1.724 49.7149
1.725 49.7697
1.726 49.8139
1.727 49.8474
1.728 49.8702
1.729 49.938
1.73 50.1557
1.731 50.3626
1.732 50.5587
1.733 50.7439
1.734 50.9181
1.735 51.0814
1.736 51.2335
1.737 51.3746
1.738 51.5046
1.739 51.6233
1.74 51.7308
1.741 51.8271
1.742 51.9121
1.743 52.0518
1.744 52.3825
1.745 52.7942
1.746 53.1942
1.747 53.5826
1.748 53.9592
1.749 54.3239
1.75 54.6766
1.751 55.0172
1.752 55.3457
1.753 55.6619
1.754 55.9658
1.755 56.3625
1.756 56.8704
1.757 57.5448
1.758 58.2669
1.759 58.9759
1.76 59.6715
1.761 60.3536
1.762 61.022
1.763 61.6765
1.764 62.3171
1.765 62.9435
1.766 63.5555
1.767 64.1531
1.768 64.7361
1.769 65.4199
1.77 66.14
1.771 66.8451
1.772 67.5349
1.773 68.2094
1.774 68.8684
1.775 69.5117
1.776 70.1391
1.777 70.7505
1.778 71.3457
1.779 72.0621
1.78 72.8927
1.781 73.8349
1.782 74.7602
1.783 75.6682
1.784 76.5587
1.785 77.4316
1.786 78.2866
1.787 79.1234
1.788 79.9419
1.789 80.7418
1.79 81.523
1.791 82.2853
1.792 83.0284
1.793 83.7521
1.794 84.4563
1.795 85.1409
1.796 85.8055
1.797 86.4502
1.798 87.0746
1.799 87.6786
1.8 88.2622
1.801 88.8251
1.802 89.3671
1.803 89.8883
1.804 90.3883
1.805 90.8672
1.806 91.3248
1.807 91.7609
1.808 92.1755
1.809 92.5684
1.81 92.9397
1.811 93.3249
1.812 93.7997
1.813 94.2524
1.814 94.683
1.815 95.0913
1.816 95.4773
1.817 95.8409
1.818 96.1819
1.819 96.5003
1.82 96.7961
1.821 97.0691
1.822 97.3193
1.823 97.5466
1.824 97.7511
1.825 97.9326
1.826 98.0911
1.827 98.2267
1.828 98.3392
1.829 98.4287
1.83 98.4951
1.831 98.5385
1.832 98.5588
1.833 98.5561
1.834 98.6935
1.835 98.8306
1.836 98.9453
1.837 99.0366
1.838 99.1044
1.839 99.1489
1.84 99.1699
1.841 99.1675
1.842 99.1417
1.843 99.0925
1.844 99.02
1.845 98.9242
1.846 98.805
1.847 98.6626
1.848 98.4971
1.849 98.3084
1.85 98.0966
1.851 97.8618
1.852 97.6041
1.853 97.3236
1.854 97.0204
1.855 96.6945
1.856 96.3461
1.857 95.9752
1.858 95.5821
1.859 95.1668
1.86 94.7294
1.861 94.2702
1.862 93.7892
1.863 93.2866
1.864 92.7626
1.865 92.2173
1.866 91.6509
1.867 91.0636
1.868 90.4556
1.869 89.8271
1.87 89.1782
1.871 88.5998
1.872 88.0213
1.873 87.4223
1.874 86.8032
1.875 86.164
1.876 85.5049
1.877 84.826
1.878 84.1276
1.879 83.4098
1.88 82.6728
1.881 81.9168
1.882 81.1421
1.883 80.3487
1.884 79.5369
1.885 78.707
1.886 77.8591
1.887 76.9934
1.888 76.1102
1.889 75.2096
1.89 74.292
1.891 73.3575
1.892 72.4064
1.893 71.5649
1.894 70.7139
1.895 69.8469
1.896 68.9641
1.897 68.0658
1.898 67.1521
1.899 66.3817
1.9 65.5996
1.901 64.803
1.902 63.992
1.903 63.1668
1.904 62.3276
1.905 61.4747
1.906 60.6081
1.907 59.7334
1.908 58.8931
1.909 58.1992
1.91 57.4918
1.911 56.7711
1.912 56.0372
1.913 55.2902
1.914 54.5305
1.915 53.7581
1.916 53.0023
1.917 52.3438
1.918 51.6731
1.919 50.9905
1.92 50.296
1.921 49.59
1.922 48.8724
1.923 48.1435
1.924 47.4036
1.925 46.6526
1.926 45.8909
1.927 45.1186
1.928 44.3359
1.929 43.7361
1.93 43.2305
1.931 42.715
1.932 42.1897
1.933 41.6546
1.934 41.11
1.935 40.5559
1.936 39.9925
1.937 39.4199
1.938 38.8382
1.939 38.2477
1.94 37.6648
1.941 37.1974
1.942 36.8607
1.943 36.57
1.944 36.2704
1.945 35.9619
1.946 35.6445
1.947 35.3184
1.948 34.9836
1.949 34.6402
1.95 34.2884
1.951 33.9282
1.952 33.5596
1.953 33.2304
1.954 33.0026
1.955 32.7672
1.956 32.6666
1.957 32.558
1.958 32.4415
1.959 32.317
1.96 32.1847
1.961 32.0445
1.962 31.8965
1.963 31.7408
1.964 31.5773
1.965 31.4062
1.966 31.2274
1.967 31.0796
1.968 31.0336
1.969 30.9801
1.97 30.9191
1.971 30.8505
1.972 30.7746
1.973 30.6911
1.974 30.6003
1.975 30.502
1.976 30.3965
1.977 30.3521
1.978 30.4664
1.979 30.5733
1.98 30.6729
1.981 30.7651
1.982 30.85
1.983 30.9274
1.984 30.9974
1.985 31.0601
1.986 31.1153
1.987 31.1631
1.988 31.2034
1.989 31.2363
1.99 31.2618
1.991 31.2799
1.992 31.2905
1.993 31.2937
1.994 31.2895
1.995 31.278
1.996 31.259
1.997 31.2327
1.998 31.2088
1.999 31.2273
2 31.2386
2.001 31.2425
2.002 31.2391
2.003 31.2284
2.004 31.2105
2.005 31.1853
2.006 31.1528
2.007 31.1131
2.008 31.0662
2.009 31.0121
2.01 30.9508
2.011 30.9549
2.012 31.0151
2.013 31.0677
2.014 31.1127
2.015 31.15
2.016 31.1797
2.017 31.2018
2.018 31.2284
2.019 31.2531
2.02 31.2701
2.021 31.2793
2.022 31.2807
2.023 31.2743
2.024 31.2601
2.025 31.2381
2.026 31.2084
2.027 31.1708
2.028 31.1256
2.029 31.0725
2.03 31.0118
2.031 30.9443
2.032 30.8732
2.033 30.7944
2.034 30.708
2.035 30.6139
2.036 30.5122
2.037 30.4029
2.038 30.2861
2.039 30.1617
2.04 30.0298
2.041 29.8905
2.042 29.7437
2.043 29.5896
2.044 29.4281
2.045 29.2592
2.046 29.0832
2.047 28.8999
2.048 28.7094
2.049 28.5118
2.05 28.3071
2.051 28.0954
2.052 27.8767
2.053 27.6512
2.054 27.4187
2.055 27.1795
2.056 26.9336
2.057 26.681
2.058 26.4217
2.059 26.156
2.06 25.8838
2.061 25.6051
2.062 25.3202
2.063 25.029
2.064 24.7316
2.065 24.4281
2.066 24.1186
2.067 23.8031
2.068 23.4818
2.069 23.1547
2.07 22.8219
2.071 22.4834
2.072 22.1395
2.073 21.7901
2.074 21.4353
2.075 21.0753
2.076 20.7101
2.077 20.3399
2.078 19.9646
2.079 19.5845
2.08 19.1996
2.081 18.81
2.082 18.4158
2.083 18.0172
2.084 17.6141
2.085 17.2068
2.086 16.7952
2.087 16.3796
2.088 15.9601
2.089 15.5366
2.09 15.115
2.091 14.8156
2.092 14.5127
2.093 14.2062
2.094 13.8964
2.095 13.5831
2.096 13.2666
2.097 12.9468
2.098 12.624
2.099 12.2981
2.1 12.0573
2.101 11.8881
2.102 11.7161
2.103 11.5411
2.104 11.3634
2.105 11.1828
2.106 11.0542
2.107 10.9333
2.108 10.8109
2.109 10.687
2.11 10.5616
2.111 10.4348
2.112 10.3065
2.113 10.1767
2.114 10.0454
2.115 9.91274
2.116 9.77858
2.117 9.64297
2.118 9.5059
2.119 9.3674
2.12 9.22746
2.121 9.08609
2.122 8.94329
2.123 8.79908
2.124 8.65346
2.125 8.50644
2.126 8.35804
2.127 8.20825
2.128 8.0571
2.129 8.05441
2.13 8.05043
2.131 8.04498
2.132 8.03805
2.133 8.02961
2.134 8.01965
2.135 8.00815
2.136 7.99509
2.137 7.98046
2.138 7.96424
2.139 7.94642
2.14 7.92698
2.141 7.90592
2.142 7.88322
2.143 7.85887
2.144 7.83287
2.145 7.80522
2.146 7.85702
2.147 7.92706
2.148 7.99538
2.149 8.06194
2.15 8.1267
2.151 8.18966
2.152 8.25077
2.153 8.31001
2.154 8.36737
2.155 8.42281
2.156 8.47632
2.157 8.52787
2.158 8.61247
2.159 8.80561
2.16 8.99669
2.161 9.18566
2.162 9.37245
2.163 9.55703
2.164 9.73933
2.165 9.9193
2.166 10.0969
2.167 10.2721
2.168 10.4448
2.169 10.615
2.17 10.7826
2.171 10.9476
2.172 11.1099
2.173 11.2696
2.174 11.4265
2.175 11.5948
2.176 11.8186
2.177 12.0394
2.178 12.2573
2.179 12.4721
2.18 12.6858
2.181 13.04
2.182 13.4442
2.183 13.9253
2.184 14.4029
2.185 14.877
2.186 15.3475
2.187 15.8141
2.188 16.2769
2.189 16.7356
2.19 17.1902
2.191 17.6405
2.192 18.0865
2.193 18.528
2.194 18.9649
2.195 19.397
2.196 19.8498
2.197 20.4492
2.198 21.0528
2.199 21.6513
2.2 22.2821
2.201 22.9761
2.202 23.6644
2.203 24.3468
2.204 25.0231
2.205 25.6933
2.206 26.357
2.207 27.0142
2.208 27.6647
2.209 28.3083
2.21 28.9449
2.211 29.5742
2.212 30.1962
2.213 30.8106
2.214 31.4174
2.215 32.0163
2.216 32.6806
2.217 33.3568
2.218 34.0248
2.219 34.6842
2.22 35.335
2.221 35.9769
2.222 36.6098
2.223 37.2336
2.224 37.848
2.225 38.453
2.226 39.0483
2.227 39.6339
2.228 40.2096
2.229 40.7752
2.23 41.3306
2.231 41.8756
2.232 42.4102
2.233 43.0252
2.234 43.6376
2.235 44.2389
2.236 44.8292
2.237 45.4083
2.238 45.9759
2.239 46.5321
2.24 47.0765
2.241 47.6684
2.242 48.3266
2.243 48.9726
2.244 49.6064
2.245 50.2278
2.246 50.8365
2.247 51.4326
2.248 52.0157
2.249 52.5859
2.25 53.1428
2.251 53.6865
2.252 54.2167
2.253 54.7333
2.254 55.2362
2.255 55.7253
2.256 56.2004
2.257 56.6614
2.258 57.1083
2.259 57.5408
2.26 57.9589
2.261 58.3625
2.262 58.7515
2.263 59.1257
2.264 59.4852
2.265 59.8297
2.266 60.1593
2.267 60.4738
2.268 60.7731
2.269 61.0572
2.27 61.326
2.271 61.5795
2.272 61.8175
2.273 62.04
2.274 62.247
2.275 62.5428
2.276 62.8353
2.277 63.1121
2.278 63.3731
2.279 63.6182
2.28 63.8474
2.281 64.0606
2.282 64.2578
2.283 64.4388
2.284 64.6038
2.285 64.7525
2.286 64.885
2.287 65.0013
2.288 65.1013
2.289 65.185
2.29 65.2524
2.291 65.3034
2.292 65.3381
2.293 65.3677
2.294 65.498
2.295 65.6118
2.296 65.7093
2.297 65.7903
2.298 65.8549
2.299 65.9151
2.3 65.9652
2.301 65.999
2.302 66.0163
2.303 66.0173
2.304 66.0019
2.305 65.9702
2.306 65.9221
2.307 65.8577
2.308 65.7769
2.309 65.6798
2.31 65.5665
2.311 65.4369
2.312 65.3624
2.313 65.3895
2.314 65.4381
2.315 65.4704
2.316 65.4864
2.317 65.4862
2.318 65.4696
2.319 65.4368
2.32 65.3876
2.321 65.3222
2.322 65.2406
2.323 65.1427
2.324 65.0286
2.325 64.8983
2.326 64.7519
2.327 64.5894
2.328 64.4107
2.329 64.2161
2.33 64.0055
2.331 63.779
2.332 63.5366
2.333 63.2784
2.334 63.0044
2.335 62.7148
2.336 62.4884
2.337 62.3311
2.338 62.1583
2.339 61.9701
2.34 61.7665
2.341 61.5475
2.342 61.3132
2.343 61.0913
2.344 60.9284
2.345 60.7504
2.346 60.5574
2.347 60.3493
2.348 60.1263
2.349 59.8883
2.35 59.6355
2.351 59.4184
2.352 59.2659
2.353 59.0988
2.354 58.917
2.355 58.7206
2.356 58.5096
2.357 58.3781
2.358 58.2837
2.359 58.1749
2.36 58.0516
2.361 57.9139
2.362 57.7619
2.363 57.5955
2.364 57.4148
2.365 57.2199
2.366 57.0109
2.367 56.7877
2.368 56.5504
2.369 56.2991
2.37 56.0338
2.371 55.7546
2.372 55.4617
2.373 55.1549
2.374 54.8345
2.375 54.5005
2.376 54.153
2.377 53.7921
2.378 53.4273
2.379 53.1851
2.38 53.0189
2.381 52.8851
2.382 52.7382
2.383 52.5783
2.384 52.4054
2.385 52.2195
2.386 52.0207
2.387 51.8091
2.388 51.5846
2.389 51.3474
2.39 51.0976
2.391 50.835
2.392 50.56
2.393 50.2724
2.394 49.9724
2.395 49.7061
2.396 49.51
2.397 49.3017
2.398 49.0815
2.399 48.9554
2.4 48.8171
2.401 48.6668
2.402 48.5045
2.403 48.3302
2.404 48.144
2.405 47.9459
2.406 47.736
2.407 47.5142
2.408 47.2808
2.409 47.0356
2.41 46.8089
2.411 46.6139
2.412 46.4075
2.413 46.1897
2.414 46.0086
2.415 45.8614
2.416 45.703
2.417 45.5334
2.418 45.3527
2.419 45.1609
2.42 44.958
2.421 44.7441
2.422 44.5193
2.423 44.2836
2.424 44.037
2.425 43.7797
2.426 43.5424
2.427 43.4045
2.428 43.2584
2.429 43.1434
2.43 43.0812
2.431 43.0725
2.432 43.0929
2.433 43.105
2.434 43.1088
2.435 43.1043
2.436 43.0915
2.437 43.0701
2.438 43.0402
2.439 43.0216
2.44 43.0429
2.441 43.1585
2.442 43.2996
2.443 43.4317
2.444 43.5548
2.445 43.6687
2.446 43.7734
2.447 43.8688
2.448 43.9547
2.449 44.0312
2.45 44.0981
2.451 44.1554
2.452 44.2029
2.453 44.2407
2.454 44.2687
2.455 44.2868
2.456 44.2949
2.457 44.2931
2.458 44.2813
2.459 44.2594
2.46 44.2275
2.461 44.1854
2.462 44.1332
2.463 44.0709
2.464 43.9984
2.465 43.9157
2.466 43.8229
2.467 43.7199
2.468 43.6067
2.469 43.4833
2.47 43.3498
2.471 43.2061
2.472 43.0523
2.473 42.9444
2.474 42.8877
2.475 42.8209
2.476 42.7441
2.477 42.6571
2.478 42.5601
2.479 42.453
2.48 42.3359
2.481 42.2088
2.482 42.0716
2.483 41.9245
2.484 41.7675
2.485 41.6005
2.486 41.4236
2.487 41.2369
2.488 41.0404
2.489 40.8341
2.49 40.6182
2.491 40.3925
2.492 40.1572
2.493 39.9303
2.494 39.804
2.495 39.6681
2.496 39.5228
2.497 39.368
2.498 39.2039
2.499 39.0303
2.5 38.8474
2.501 38.6553
2.502 38.4539
2.503 38.2433
2.504 38.0235
2.505 37.7947
2.506 37.5568
2.507 37.31
2.508 37.0543
2.509 36.7896
2.51 36.5835
2.511 36.4355
2.512 36.2788
2.513 36.1134
2.514 35.9395
2.515 35.7569
2.516 35.5659
2.517 35.3664
2.518 35.1584
2.519 34.942
2.52 34.7174
2.521 34.4844
2.522 34.2433
2.523 33.994
2.524 33.7366
2.525 33.4712
2.526 33.1978
2.527 32.9165
2.528 32.6275
2.529 32.3567
2.53 32.1819
2.531 31.9995
2.532 31.8095
2.533 31.6119
2.534 31.4068
2.535 31.2143
2.536 31.1579
2.537 31.094
2.538 31.0228
2.539 30.9442
2.54 30.8583
2.541 30.7651
2.542 30.6645
2.543 30.5567
2.544 30.4417
2.545 30.3194
2.546 30.19
2.547 30.0534
2.548 29.9097
2.549 29.7949
2.55 29.7724
2.551 29.7555
2.552 29.7315
2.553 29.7003
2.554 29.662
2.555 29.6165
2.556 29.5639
2.557 29.5042
2.558 29.4374
2.559 29.3635
2.56 29.2825
2.561 29.1945
2.562 29.0995
2.563 28.9974
2.564 28.8884
2.565 28.7725
2.566 28.6496
2.567 28.5198
2.568 28.3832
2.569 28.2398
2.57 28.0896
2.571 27.9326
2.572 27.769
2.573 27.5987
2.574 27.4217
2.575 27.2776
2.576 27.1663
2.577 27.0485
2.578 26.9241
2.579 26.9712
2.58 27.0288
2.581 27.0801
2.582 27.1249
2.583 27.1633
2.584 27.1953
2.585 27.2208
2.586 27.24
2.587 27.2526
2.588 27.2588
2.589 27.2586
2.59 27.2519
2.591 27.2388
2.592 27.2192
2.593 27.1932
2.594 27.1608
2.595 27.1219
2.596 27.0766
2.597 27.0249
2.598 26.9669
2.599 26.9024
2.6 26.8316
2.601 26.7544
2.602 26.671
2.603 26.5812
2.604 26.4851
2.605 26.3828
2.606 26.2743
2.607 26.1595
2.608 26.0386
2.609 25.9115
2.61 25.7784
2.611 25.6391
2.612 25.4938
2.613 25.3425
2.614 25.1853
2.615 25.0221
2.616 24.853
2.617 24.678
2.618 24.5581
2.619 24.4448
2.62 24.3256
2.621 24.2007
2.622 24.0699
2.623 23.9335
2.624 23.7913
2.625 23.6435
2.626 23.4901
2.627 23.331
2.628 23.1664
2.629 22.9964
2.63 22.9178
2.631 22.8387
2.632 22.7541
2.633 22.664
2.634 22.5686
2.635 22.4678
2.636 22.3617
2.637 22.287
2.638 22.4288
2.639 22.5652
2.64 22.6959
2.641 22.821
2.642 22.9404
2.643 23.0542
2.644 23.1622
2.645 23.2645
2.646 23.361
2.647 23.4517
2.648 23.5366
2.649 23.6156
2.65 23.6888
2.651 23.7561
2.652 23.8176
2.653 23.8731
2.654 23.9226
2.655 23.9663
2.656 24.004
2.657 24.0357
2.658 24.0614
2.659 24.0812
2.66 24.095
2.661 24.1029
2.662 24.1047
2.663 24.1005
2.664 24.0904
2.665 24.0743
2.666 24.0522
2.667 24.0241
2.668 23.9901
2.669 23.9501
2.67 23.9041
2.671 23.8523
2.672 23.7945
2.673 23.7307
2.674 23.6611
2.675 23.5857
2.676 23.5043
2.677 23.4171
2.678 23.3923
2.679 23.3663
2.68 23.3345
2.681 23.2969
2.682 23.2535
2.683 23.2043
2.684 23.1494
2.685 23.0888
2.686 23.0225
2.687 22.9504
2.688 22.8727
2.689 22.7892
2.69 22.7002
2.691 22.6055
2.692 22.5052
2.693 22.3994
2.694 22.3243
2.695 22.2948
2.696 22.2598
2.697 22.2194
2.698 22.1734
2.699 22.1219
2.7 22.065
2.701 22.0026
2.702 21.9348
2.703 21.8616
2.704 21.8281
2.705 21.864
2.706 21.8945
2.707 21.9196
2.708 22.0473
2.709 22.1695
2.71 22.2863
2.711 22.3977
2.712 22.5036
2.713 22.604
2.714 22.6988
2.715 22.7881
2.716 22.8719
2.717 22.95
2.718 23.0225
2.719 23.0894
2.72 23.1506
2.721 23.2062
2.722 23.2561
2.723 23.3003
2.724 23.3388
2.725 23.3716
2.726 23.3987
2.727 23.4201
2.728 23.4972
2.729 23.6368
2.73 23.7708
2.731 23.8989
2.732 24.0465
2.733 24.2801
2.734 24.5078
2.735 24.7295
2.736 24.9452
2.737 25.1548
2.738 25.3583
2.739 25.5556
2.74 25.7467
2.741 25.9315
2.742 26.1101
2.743 26.2823
2.744 26.4481
2.745 26.6075
2.746 26.7604
2.747 26.9069
2.748 27.0468
2.749 27.1802
2.75 27.3356
2.751 27.5301
2.752 27.7179
2.753 27.899
2.754 28.0734
2.755 28.241
2.756 28.4019
2.757 28.5558
2.758 28.7029
2.759 28.8431
2.76 28.9764
2.761 29.1027
2.762 29.2221
2.763 29.3344
2.764 29.4398
2.765 29.5381
2.766 29.6294
2.767 29.7136
2.768 29.7907
2.769 29.8608
2.77 29.9238
2.771 29.9797
2.772 30.0285
2.773 30.0703
2.774 30.1775
2.775 30.2838
2.776 30.3829
2.777 30.4749
2.778 30.5599
2.779 30.6377
2.78 30.8266
2.781 31.0776
2.782 31.3209
2.783 31.5565
2.784 31.7842
2.785 32.0041
2.786 32.216
2.787 32.42
2.788 32.6159
2.789 32.8186
2.79 33.0472
2.791 33.2676
2.792 33.4798
2.793 33.6836
2.794 33.8792
2.795 34.0664
2.796 34.2451
2.797 34.4154
2.798 34.5772
2.799 34.7304
2.8 34.875
2.801 35.011
2.802 35.1383
2.803 35.2569
2.804 35.3668
2.805 35.4679
2.806 35.5602
2.807 35.6438
2.808 35.7185
2.809 35.7844
2.81 35.8414
2.811 35.8896
2.812 35.9288
2.813 35.9592
2.814 35.9806
2.815 35.9932
2.816 35.9968
2.817 35.9915
2.818 35.9774
2.819 35.9543
2.82 35.9223
2.821 35.8814
2.822 35.8316
2.823 35.7729
2.824 35.7054
2.825 35.6291
2.826 35.5439
2.827 35.45
2.828 35.3472
2.829 35.2513
2.83 35.1495
2.831 35.0392
2.832 34.9203
2.833 34.7929
2.834 34.657
2.835 34.5127
2.836 34.4811
2.837 34.4464
2.838 34.4033
2.839 34.3518
2.84 34.2919
2.841 34.2237
2.842 34.1471
2.843 34.0622
2.844 33.969
2.845 33.8675
2.846 33.7577
2.847 33.6397
2.848 33.5135
2.849 33.3792
2.85 33.2367
2.851 33.0983
2.852 33.0983
2.853 33.0904
2.854 33.0744
2.855 33.0505
2.856 33.0218
2.857 33.0677
2.858 33.1056
2.859 33.1355
2.86 33.1573
2.861 33.1711
2.862 33.1769
2.863 33.1747
2.864 33.1644
2.865 33.1461
2.866 33.1197
2.867 33.0853
2.868 33.043
2.869 32.9926
2.87 32.9342
2.871 32.8678
2.872 32.7935
2.873 32.7113
2.874 32.6211
2.875 32.523
2.876 32.4171
2.877 32.3139
2.878 32.265
2.879 32.2083
2.88 32.1438
2.881 32.0714
2.882 31.9941
2.883 31.9921
2.884 31.9823
2.885 31.9648
2.886 31.9395
2.887 31.9065
2.888 31.8658
2.889 31.8173
2.89 31.7612
2.891 31.6974
2.892 31.6258
2.893 31.5958
2.894 31.5965
2.895 31.5896
2.896 31.5751
2.897 31.5529
2.898 31.523
2.899 31.4855
2.9 31.4404
2.901 31.3877
2.902 31.3274
2.903 31.3336
2.904 31.3781
2.905 31.4149
2.906 31.4442
2.907 31.4658
2.908 31.4798
2.909 31.4862
2.91 31.5712
2.911 31.6701
2.912 31.7613
2.913 31.8448
2.914 31.9204
2.915 31.9883
2.916 32.0484
2.917 32.1007
2.918 32.1451
2.919 32.1817
2.92 32.2104
2.921 32.2313
2.922 32.2443
2.923 32.2494
2.924 32.2467
2.925 32.2361
2.926 32.2176
2.927 32.1913
2.928 32.1571
2.929 32.115
2.93 32.0652
2.931 32.0075
2.932 32.0336
2.933 32.0775
2.934 32.1134
2.935 32.1416
2.936 32.1619
2.937 32.1743
2.938 32.1788
2.939 32.1755
2.94 32.1643
2.941 32.1453
2.942 32.1184
2.943 32.0836
2.944 32.041
2.945 31.9906
2.946 31.9764
2.947 31.9963
2.948 32.0083
2.949 32.0412
2.95 32.1119
2.951 32.1749
2.952 32.23
2.953 32.2773
2.954 32.3166
2.955 32.3482
2.956 32.3718
2.957 32.3875
2.958 32.3954
2.959 32.3954
2.96 32.3874
2.961 32.3716
2.962 32.3479
2.963 32.3163
2.964 32.2768
2.965 32.2295
2.966 32.1806
2.967 32.1893
2.968 32.1902
2.969 32.1833
2.97 32.1686
2.971 32.1461
2.972 32.1159
2.973 32.0778
2.974 32.032
2.975 31.9785
2.976 31.9172
2.977 31.8481
2.978 31.7714
2.979 31.6869
2.98 31.5948
2.981 31.4951
2.982 31.3877
2.983 31.2727
2.984 31.1722
2.985 31.2695
2.986 31.3593
2.987 31.4416
2.988 31.5163
2.989 31.5835
2.99 31.6568
2.991 31.7577
2.992 31.8509
2.993 31.9365
2.994 32.0144
2.995 32.0846
2.996 32.1471
2.997 32.2019
2.998 32.3162
2.999 32.4836
3 32.6432
3.001 32.795
3.002 32.9388
3.003 33.0748
3.004 33.2027
3.005 33.3227
3.006 33.4347
3.007 33.5386
3.008 33.6344
3.009 33.7221
3.01 33.8017
3.011 33.8731
3.012 33.9364
3.013 33.9915
3.014 34.0384
3.015 34.0771
3.016 34.1076
3.017 34.1299
3.018 34.144
3.019 34.1498
3.02 34.1474
3.021 34.1367
3.022 34.1178
3.023 34.0907
3.024 34.0554
3.025 34.0119
3.026 33.9601
3.027 33.9002
3.028 33.8321
3.029 33.7559
3.03 33.6715
3.031 33.579
3.032 33.4784
3.033 33.3697
3.034 33.3331
3.035 33.3347
3.036 33.3282
3.037 33.3136
3.038 33.2911
3.039 33.2605
3.04 33.2219
3.041 33.1754
3.042 33.1208
3.043 33.0582
3.044 32.9877
3.045 32.9093
3.046 32.8229
3.047 32.7286
3.048 32.6264
3.049 32.5384
3.05 32.527
3.051 32.5078
3.052 32.5862
3.053 32.7107
3.054 32.8295
3.055 33.0242
3.056 33.2111
3.057 33.39
3.058 33.561
3.059 33.7239
3.06 33.8788
3.061 34.0256
3.062 34.1642
3.063 34.2947
3.064 34.4169
3.065 34.5309
3.066 34.6367
3.067 34.7341
3.068 34.8233
3.069 34.9041
3.07 34.9765
3.071 35.0406
3.072 35.0963
3.073 35.1436
3.074 35.2413
3.075 35.342
3.076 35.4342
3.077 35.5179
3.078 35.5932
3.079 35.6599
3.08 35.727
3.081 35.7947
3.082 35.8537
3.083 35.9553
3.084 36.1354
3.085 36.3067
3.086 36.4692
3.087 36.6227
3.088 36.7673
3.089 36.9029
3.09 37.0295
3.091 37.147
3.092 37.2555
3.093 37.3549
3.094 37.5326
3.095 37.7223
3.096 37.9029
3.097 38.0742
3.098 38.2363
3.099 38.389
3.1 38.5325
3.101 38.6666
3.102 38.7913
3.103 38.9065
3.104 39.0123
3.105 39.1086
3.106 39.1954
3.107 39.2726
3.108 39.3403
3.109 39.3984
3.11 39.4469
3.111 39.4859
3.112 39.5152
3.113 39.5349
3.114 39.545
3.115 39.5454
3.116 39.5362
3.117 39.5174
3.118 39.489
3.119 39.451
3.12 39.4034
3.121 39.3461
3.122 39.2793
3.123 39.2684
3.124 39.2552
3.125 39.2325
3.126 39.2002
3.127 39.1584
3.128 39.1071
3.129 39.0462
3.13 38.9758
3.131 38.8959
3.132 38.8065
3.133 38.7077
3.134 38.5994
3.135 38.4818
3.136 38.3548
3.137 38.2184
3.138 38.0728
3.139 37.9178
3.14 37.7537
3.141 37.5803
3.142 37.3978
3.143 37.2062
3.144 37.0056
3.145 36.7959
3.146 36.5773
3.147 36.4048
3.148 36.2543
3.149 36.095
3.15 35.9269
3.151 35.7501
3.152 35.5645
3.153 35.3703
3.154 35.1674
3.155 34.9559
3.156 34.736
3.157 34.5076
3.158 34.2708
3.159 34.0271
3.16 33.8402
3.161 33.6451
3.162 33.4419
3.163 33.2306
3.164 33.0113
3.165 32.7841
3.166 32.5489
3.167 32.3059
3.168 32.0552
3.169 31.7967
3.17 31.5981
3.171 31.396
3.172 31.1863
3.173 30.969
3.174 30.7442
3.175 30.512
3.176 30.2724
3.177 30.0254
3.178 29.7713
3.179 29.5099
3.18 29.2414
3.181 28.9658
3.182 28.6833
3.183 28.3938
3.184 28.1484
3.185 27.953
3.186 27.9231
3.187 27.8865
3.188 27.843
3.189 27.7927
3.19 27.7356
3.191 27.6718
3.192 27.6012
3.193 27.5238
3.194 27.4398
3.195 27.349
3.196 27.2543
3.197 27.2784
3.198 27.2958
3.199 27.3066
3.2 27.3107
3.201 27.3082
3.202 27.2989
3.203 27.2831
3.204 27.2997
3.205 27.4911
3.206 27.676
3.207 27.8543
3.208 28.0259
3.209 28.1909
3.21 28.3491
3.211 28.5006
3.212 28.6452
3.213 28.783
3.214 28.914
3.215 29.038
3.216 29.1551
3.217 29.2652
3.218 29.3683
3.219 29.4643
3.22 29.5533
3.221 29.6352
3.222 29.7101
3.223 29.7777
3.224 29.8383
3.225 29.8917
3.226 29.9379
3.227 29.9769
3.228 30.0087
3.229 30.0333
3.23 30.0507
3.231 30.0609
3.232 30.0638
3.233 30.0595
3.234 30.048
3.235 30.0293
3.236 30.0033
3.237 29.9701
3.238 29.9297
3.239 29.8821
3.24 29.8274
3.241 29.7654
3.242 29.6963
3.243 29.62
3.244 29.5366
3.245 29.4461
3.246 29.3485
3.247 29.2439
3.248 29.1322
3.249 29.0135
3.25 28.8878
3.251 28.7551
3.252 28.6156
3.253 28.4691
3.254 28.3203
3.255 28.2665
3.256 28.2059
3.257 28.1384
3.258 28.064
3.259 27.9828
3.26 27.8948
3.261 27.7999
3.262 27.6983
3.263 27.59
3.264 27.4749
3.265 27.3531
3.266 27.2246
3.267 27.0896
3.268 26.9479
3.269 26.7996
3.27 26.6449
3.271 26.4836
3.272 26.3301
3.273 26.2264
3.274 26.1163
3.275 25.9999
3.276 25.8771
3.277 25.7481
3.278 25.6127
3.279 25.4712
3.28 25.3627
3.281 25.2635
3.282 25.1582
3.283 25.0468
3.284 24.9293
3.285 24.8057
3.286 24.6762
3.287 24.5407
3.288 24.3992
3.289 24.2612
3.29 24.2243
3.291 24.1817
3.292 24.1334
3.293 24.0793
3.294 24.0196
3.295 23.9541
3.296 23.9415
3.297 23.9733
3.298 23.9993
3.299 24.0197
3.3 24.0343
3.301 24.0431
3.302 24.0462
3.303 24.0435
3.304 24.0351
3.305 24.021
3.306 24.0011
3.307 23.9755
3.308 23.9441
3.309 23.907
3.31 23.8643
3.311 23.8158
3.312 23.7616
3.313 23.7033
3.314 23.9359
3.315 24.1629
3.316 24.3842
3.317 24.5998
3.318 24.8095
3.319 25.0134
3.32 25.2113
3.321 25.47
3.322 25.7286
3.323 25.9811
3.324 26.2275
3.325 26.4677
3.326 26.7016
3.327 26.9292
3.328 27.1504
3.329 27.3653
3.33 27.5736
3.331 27.7755
3.332 27.9708
3.333 28.1595
3.334 28.3415
3.335 28.5169
3.336 28.6855
3.337 28.8474
3.338 29.0024
3.339 29.1507
3.34 29.2921
3.341 29.4266
3.342 29.5542
3.343 29.6749
3.344 29.7887
3.345 29.8954
3.346 29.9952
3.347 30.088
3.348 30.1738
3.349 30.2792
3.35 30.4762
3.351 30.6662
3.352 30.8492
3.353 31.0251
3.354 31.1938
3.355 31.3555
3.356 31.51
3.357 31.6573
3.358 31.7975
3.359 31.9305
3.36 32.0714
3.361 32.2084
3.362 32.3382
3.363 32.461
3.364 32.5767
3.365 32.6852
3.366 32.8062
3.367 32.9671
3.368 33.1207
3.369 33.2672
3.37 33.4065
3.371 33.5386
3.372 33.6636
3.373 33.7814
3.374 33.8921
3.375 33.9957
3.376 34.0921
3.377 34.1815
3.378 34.2638
3.379 34.3391
3.38 34.4074
3.381 34.5021
3.382 34.6091
3.383 34.7091
3.384 34.8023
3.385 34.8887
3.386 34.9682
3.387 35.041
3.388 35.107
3.389 35.1664
3.39 35.219
3.391 35.265
3.392 35.3044
3.393 35.3373
3.394 35.3636
3.395 35.3833
3.396 35.3967
3.397 35.4035
3.398 35.404
3.399 35.398
3.4 35.3857
3.401 35.367
3.402 35.342
3.403 35.3106
3.404 35.2729
3.405 35.2289
3.406 35.1785
3.407 35.1219
3.408 35.0589
3.409 34.9895
3.41 34.9138
3.411 34.8317
3.412 34.7432
3.413 34.6484
3.414 34.5471
3.415 34.4393
3.416 34.3684
3.417 34.3869
3.418 34.3971
3.419 34.399
3.42 34.3926
3.421 34.3779
3.422 34.3549
3.423 34.3237
3.424 34.2841
3.425 34.2363
3.426 34.1803
3.427 34.116
3.428 34.0435
3.429 33.9628
3.43 33.8739
3.431 33.7768
3.432 33.6716
3.433 33.5583
3.434 33.4369
3.435 33.3074
3.436 33.1699
3.437 33.0245
3.438 32.871
3.439 32.7097
3.44 32.5405
3.441 32.3635
3.442 32.1787
3.443 31.9861
3.444 31.7859
3.445 31.578
3.446 31.3626
3.447 31.1396
3.448 30.9091
3.449 30.6712
3.45 30.426
3.451 30.1734
3.452 29.9876
3.453 29.8925
3.454 29.7903
3.455 29.681
3.456 29.5645
3.457 29.441
3.458 29.3105
3.459 29.173
3.46 29.0285
3.461 28.8771
3.462 28.7188
3.463 28.5536
3.464 28.3817
3.465 28.203
3.466 28.0175
3.467 27.8254
3.468 27.6267
3.469 27.4214
3.47 27.2096
3.471 26.9913
3.472 26.7666
3.473 26.5355
3.474 26.2982
3.475 26.0545
3.476 25.8048
3.477 25.5489
3.478 25.2869
3.479 25.019
3.48 24.7451
3.481 24.4654
3.482 24.1799
3.483 23.8887
3.484 23.5919
3.485 23.2895
3.486 22.9816
3.487 22.6684
3.488 22.3498
3.489 22.0259
3.49 21.6969
3.491 21.3628
3.492 21.0237
3.493 20.6796
3.494 20.3428
3.495 20.121
3.496 19.9015
3.497 19.6781
3.498 19.4511
3.499 19.2206
3.5 18.9865
3.501 18.749
3.502 18.5082
3.503 18.2642
3.504 18.0171
3.505 17.7669
3.506 17.5139
3.507 17.258
3.508 16.9994
3.509 16.7381
3.51 16.4744
3.511 16.2082
3.512 15.9396
3.513 15.7108
3.514 15.7359
3.515 15.7589
3.516 15.7796
3.517 15.7982
3.518 15.8147
3.519 15.8291
3.52 15.8413
3.521 15.8514
3.522 15.8595
3.523 15.8655
3.524 15.8694
3.525 15.8712
3.526 15.871
3.527 15.8687
3.528 15.8643
3.529 15.8879
3.53 15.9699
3.531 16.0498
3.532 16.1275
3.533 16.2031
3.534 16.2764
3.535 16.3475
3.536 16.4163
3.537 16.4828
3.538 16.5469
3.539 16.6087
3.54 16.668
3.541 16.7248
3.542 16.7792
3.543 16.8309
3.544 16.8801
3.545 16.9266
3.546 16.9704
3.547 17.0115
3.548 17.0499
3.549 17.0854
3.55 17.118
3.551 17.2172
3.552 17.3692
3.553 17.5181
3.554 17.6639
3.555 17.8065
3.556 17.9458
3.557 18.0817
3.558 18.2142
3.559 18.3432
3.56 18.4687
3.561 18.5906
3.562 18.7088
3.563 18.8232
3.564 18.9339
3.565 19.0408
3.566 19.1437
3.567 19.2427
3.568 19.3377
3.569 19.4286
3.57 19.5154
3.571 19.5981
3.572 19.6766
3.573 19.9731
3.574 20.3309
3.575 20.6843
3.576 21.0331
3.577 21.3773
3.578 21.7167
3.579 22.0513
3.58 22.3809
3.581 22.7054
3.582 23.0248
3.583 23.3389
3.584 23.6477
3.585 23.9511
3.586 24.2489
3.587 24.5411
3.588 24.8276
3.589 25.1084
3.59 25.3832
3.591 25.6521
3.592 25.915
3.593 26.1718
3.594 26.4224
3.595 26.6668
3.596 26.9048
3.597 27.1365
3.598 27.3617
3.599 27.5804
3.6 27.7925
3.601 27.998
3.602 28.1968
3.603 28.3888
3.604 28.574
3.605 28.7524
3.606 28.9239
3.607 29.0884
3.608 29.2459
3.609 29.3963
3.61 29.5426
3.611 29.6971
3.612 29.8443
3.613 29.9841
3.614 30.1166
3.615 30.2416
3.616 30.3592
3.617 30.4694
3.618 30.572
3.619 30.667
3.62 30.7545
3.621 30.8345
3.622 30.9068
3.623 30.9714
3.624 31.0285
3.625 31.0778
3.626 31.1195
3.627 31.1535
3.628 31.1798
3.629 31.1983
3.63 31.2092
3.631 31.2124
3.632 31.2078
3.633 31.1955
3.634 31.1755
3.635 31.1479
3.636 31.1125
3.637 31.0694
3.638 31.0186
3.639 30.9602
3.64 30.8942
3.641 30.8205
3.642 30.7392
3.643 30.7602
3.644 30.8431
3.645 30.9184
3.646 30.9861
3.647 31.0462
3.648 31.0988
3.649 31.1437
3.65 31.1809
3.651 31.2106
3.652 31.3927
3.653 31.5789
3.654 31.7574
3.655 31.9281
3.656 32.0909
3.657 32.246
3.658 32.3932
3.659 32.5324
3.66 32.6638
3.661 32.7872
3.662 32.9026
3.663 33.0101
3.664 33.1095
3.665 33.2009
3.666 33.2844
3.667 33.3598
3.668 33.4271
3.669 33.4865
3.67 33.5378
3.671 33.5811
3.672 33.6165
3.673 33.6438
3.674 33.6632
3.675 33.6746
3.676 33.6781
3.677 33.6737
3.678 33.6615
3.679 33.6415
3.68 33.6137
3.681 33.5782
3.682 33.535
3.683 33.4842
3.684 33.4259
3.685 33.3601
3.686 33.2869
3.687 33.2063
3.688 33.1186
3.689 33.0236
3.69 32.9216
3.691 32.8126
3.692 32.6967
3.693 32.574
3.694 32.4447
3.695 32.3088
3.696 32.1665
3.697 32.0178
3.698 31.863
3.699 31.702
3.7 31.5352
3.701 31.3624
3.702 31.184
3.703 31
3.704 30.8105
3.705 30.6156
3.706 30.4155
3.707 30.2103
3.708 30
3.709 29.7849
3.71 29.5648
3.711 29.34
3.712 29.1106
3.713 28.8768
3.714 28.7681
3.715 28.6548
3.716 28.5371
3.717 28.4149
3.718 28.2882
3.719 28.157
3.72 28.0213
3.721 27.8809
3.722 27.736
3.723 27.5865
3.724 27.4322
3.725 27.2856
3.726 27.3756
3.727 27.4606
3.728 27.5603
3.729 27.7186
3.73 27.9392
3.731 28.205
3.732 28.4652
3.733 28.7198
3.734 28.9685
3.735 29.2112
3.736 29.4478
3.737 29.6781
3.738 29.9308
3.739 30.2979
3.74 30.6957
3.741 31.0867
3.742 31.4709
3.743 31.848
3.744 32.218
3.745 32.5806
3.746 32.9357
3.747 33.2833
3.748 33.6231
3.749 33.9551
3.75 34.2792
3.751 34.5953
3.752 34.9032
3.753 35.2028
3.754 35.4941
3.755 35.777
3.756 36.0513
3.757 36.317
3.758 36.574
3.759 36.8222
3.76 37.0616
3.761 37.2921
3.762 37.5136
3.763 37.726
3.764 37.9293
3.765 38.1235
3.766 38.3084
3.767 38.484
3.768 38.6503
3.769 38.8073
3.77 38.9548
3.771 39.1151
3.772 39.5314
3.773 39.9381
3.774 40.3351
3.775 40.7223
3.776 41.0995
3.777 41.4667
3.778 41.8238
3.779 42.1707
3.78 42.5073
3.781 42.8335
3.782 43.1493
3.783 43.495
3.784 43.8412
3.785 44.1767
3.786 44.5013
3.787 44.815
3.788 45.1178
3.789 45.4184
3.79 45.8354
3.791 46.2412
3.792 46.6357
3.793 47.0188
3.794 47.3904
3.795 47.7504
3.796 48.0986
3.797 48.4352
3.798 48.7598
3.799 49.0725
3.8 49.3732
3.801 49.6618
3.802 49.9382
3.803 50.2023
3.804 50.4542
3.805 50.6937
3.806 50.9208
3.807 51.1354
3.808 51.3374
3.809 51.5269
3.81 51.7037
3.811 51.8679
3.812 52.0193
3.813 52.158
3.814 52.2839
3.815 52.3969
3.816 52.4971
3.817 52.5844
3.818 52.6589
3.819 52.7204
3.82 52.7689
3.821 52.92
3.822 53.1007
3.823 53.2685
3.824 53.4233
3.825 53.5651
3.826 53.6938
3.827 53.8094
3.828 53.9119
3.829 54.0012
3.83 54.0774
3.831 54.1404
3.832 54.1901
3.833 54.2267
3.834 54.25
3.835 54.2601
3.836 54.257
3.837 54.2406
3.838 54.211
3.839 54.1682
3.84 54.1121
3.841 54.0429
3.842 53.9605
3.843 53.9508
3.844 54.0213
3.845 54.0786
3.846 54.1227
3.847 54.1535
3.848 54.1711
3.849 54.2568
3.85 54.3951
3.851 54.5204
3.852 54.6325
3.853 54.7316
3.854 54.8175
3.855 54.8902
3.856 54.9498
3.857 54.9961
3.858 55.0293
3.859 55.0492
3.86 55.0559
3.861 55.0494
3.862 55.0296
3.863 54.9966
3.864 54.9505
3.865 54.8911
3.866 54.8185
3.867 54.7327
3.868 54.6338
3.869 54.5218
3.87 54.3967
3.871 54.2585
3.872 54.1073
3.873 53.9431
3.874 53.7659
3.875 53.5878
3.876 53.4155
3.877 53.2303
3.878 53.0323
3.879 52.8215
3.88 52.598
3.881 52.3618
3.882 52.1129
3.883 51.8515
3.884 51.5776
3.885 51.2913
3.886 50.9927
3.887 50.6817
3.888 50.3586
3.889 50.0233
3.89 49.676
3.891 49.3168
3.892 48.9456
3.893 48.564
3.894 48.188
3.895 47.8005
3.896 47.4017
3.897 46.9917
3.898 46.5705
3.899 46.1383
3.9 45.6999
3.901 45.3167
3.902 44.9229
3.903 44.5184
3.904 44.1033
3.905 43.6779
3.906 43.2422
3.907 42.7962
3.908 42.3401
3.909 41.8741
3.91 41.3982
3.911 40.9126
3.912 40.4173
3.913 39.9125
3.914 39.3984
3.915 38.875
3.916 38.4597
3.917 38.0481
3.918 37.6274
3.919 37.1979
3.92 36.7596
3.921 36.3127
3.922 35.8573
3.923 35.3934
3.924 34.9966
3.925 34.7696
3.926 34.5345
3.927 34.2913
3.928 34.0401
3.929 33.7809
3.93 33.5966
3.931 33.4047
3.932 33.205
3.933 32.9975
3.934 32.7823
3.935 32.5803
3.936 32.3954
3.937 32.2028
3.938 32.0027
3.939 31.7958
3.94 31.6946
3.941 31.6593
3.942 31.6166
3.943 31.5663
3.944 31.5086
3.945 31.4435
3.946 31.371
3.947 31.2911
3.948 31.2037
3.949 31.1239
3.95 31.0506
3.951 30.97
3.952 30.8821
3.953 30.787
3.954 30.6846
3.955 30.5749
3.956 30.4581
3.957 30.3341
3.958 30.203
3.959 30.0647
3.96 29.9194
3.961 29.7671
3.962 29.6078
3.963 29.4415
3.964 29.2683
3.965 29.0882
3.966 28.9013
3.967 28.7077
3.968 28.5073
3.969 28.3002
3.97 28.0865
3.971 27.8662
3.972 27.6394
3.973 27.4062
3.974 27.1665
3.975 26.9205
3.976 26.6683
3.977 26.4098
3.978 26.1451
3.979 25.8744
3.98 25.5977
3.981 25.3359
3.982 25.0987
3.983 24.891
3.984 24.7214
3.985 24.5461
3.986 24.365
3.987 24.1783
3.988 23.9861
3.989 23.8752
3.99 23.8082
3.991 23.7356
3.992 23.6576
3.993 23.574
3.994 23.5457
3.995 23.5547
3.996 23.5583
3.997 23.5565
3.998 23.5493
3.999 23.5367
4 23.5187
4.001 23.4953
4.002 23.4666
4.003 23.4324
4.004 23.3929
4.005 23.3481
4.006 23.2979
4.007 23.2423
4.008 23.1815
4.009 23.1153
4.01 23.0439
4.011 22.9672
4.012 22.8852
4.013 22.798
4.014 22.7056
4.015 22.6081
4.016 22.5053
4.017 22.3975
4.018 22.2845
4.019 22.1664
4.02 22.0433
4.021 21.9152
4.022 21.7821
4.023 21.7047
4.024 21.7196
4.025 21.7295
4.026 21.7343
4.027 21.7342
4.028 21.729
4.029 21.7188
4.03 21.7036
4.031 21.6834
4.032 21.6582
4.033 21.628
4.034 21.5927
4.035 21.5525
4.036 21.5074
4.037 21.4572
4.038 21.4022
4.039 21.3421
4.04 21.2772
4.041 21.2074
4.042 21.1326
4.043 21.053
4.044 20.9686
4.045 20.8793
4.046 20.7853
4.047 20.6864
4.048 20.5828
4.049 20.4745
4.05 20.4377
4.051 20.5503
4.052 20.6582
4.053 20.7613
4.054 20.8597
4.055 20.9533
4.056 21.0421
4.057 21.226
4.058 21.4147
4.059 21.5986
4.06 21.9314
4.061 22.3597
4.062 22.7827
4.063 23.2001
4.064 23.612
4.065 24.0182
4.066 24.4185
4.067 24.813
4.068 25.2015
4.069 25.5839
4.07 25.9601
4.071 26.33
4.072 26.6936
4.073 27.0507
4.074 27.4012
4.075 27.7452
4.076 28.0824
4.077 28.4128
4.078 28.7364
4.079 29.053
4.08 29.3625
4.081 29.665
4.082 29.9659
4.083 30.3294
4.084 30.6857
4.085 31.0347
4.086 31.3763
4.087 31.7103
4.088 32.0368
4.089 32.3556
4.09 32.6667
4.091 32.97
4.092 33.2654
4.093 33.5528
4.094 33.8323
4.095 34.1037
4.096 34.3669
4.097 34.622
4.098 34.8688
4.099 35.1347
4.1 35.436
4.101 35.7288
4.102 36.0131
4.103 36.2889
4.104 36.556
4.105 36.8145
4.106 37.0643
4.107 37.3053
4.108 37.5375
4.109 37.7608
4.11 37.9753
4.111 38.1808
4.112 38.3773
4.113 38.5647
4.114 38.7432
4.115 38.9126
4.116 39.0728
4.117 39.224
4.118 39.366
4.119 39.4988
4.12 39.6225
4.121 39.737
4.122 39.8422
4.123 39.9383
4.124 40.0252
4.125 40.1029
4.126 40.1713
4.127 40.2306
4.128 40.2807
4.129 40.3216
4.13 40.3533
4.131 40.3758
4.132 40.3893
4.133 40.3935
4.134 40.4156
4.135 40.4474
4.136 40.4701
4.137 40.4838
4.138 40.4884
4.139 40.4839
4.14 40.4705
4.141 40.4481
4.142 40.4166
4.143 40.3763
4.144 40.3327
4.145 40.293
4.146 40.2443
4.147 40.1866
4.148 40.12
4.149 40.0667
4.15 40.0109
4.151 39.9462
4.152 39.8725
4.153 39.79
4.154 39.6986
4.155 39.5984
4.156 39.4893
4.157 39.3714
4.158 39.2448
4.159 39.1093
4.16 38.9651
4.161 38.8122
4.162 38.6506
4.163 38.4802
4.164 38.3012
4.165 38.1136
4.166 37.9173
4.167 37.7125
4.168 37.4991
4.169 37.3296
4.17 37.1866
4.171 37.0351
4.172 36.8751
4.173 36.7068
4.174 36.53
4.175 36.3448
4.176 36.1513
4.177 35.9494
4.178 35.7392
4.179 35.5207
4.18 35.2939
4.181 35.0589
4.182 34.8157
4.183 34.5644
4.184 34.305
4.185 34.0375
4.186 33.762
4.187 33.4786
4.188 33.1872
4.189 32.888
4.19 32.5811
4.191 32.2973
4.192 32.0914
4.193 31.8779
4.194 31.6569
4.195 31.4284
4.196 31.1925
4.197 30.9979
4.198 30.8505
4.199 30.6957
4.2 30.5335
4.201 30.3641
4.202 30.1873
4.203 30.0033
4.204 29.8121
4.205 29.6137
4.206 29.4081
4.207 29.1956
4.208 28.9759
4.209 28.7493
4.21 28.5158
4.211 28.2754
4.212 28.0283
4.213 27.7744
4.214 27.5138
4.215 27.2466
4.216 26.9728
4.217 26.6926
4.218 26.406
4.219 26.1131
4.22 25.8139
4.221 25.5085
4.222 25.1971
4.223 24.9052
4.224 24.6222
4.225 24.3333
4.226 24.0386
4.227 23.7382
4.228 23.4322
4.229 23.1206
4.23 22.8036
4.231 22.4917
4.232 22.2248
4.233 21.9527
4.234 21.6756
4.235 21.6051
4.236 21.5718
4.237 21.5338
4.238 21.4909
4.239 21.4433
4.24 21.391
4.241 21.334
4.242 21.2726
4.243 21.2066
4.244 21.1363
4.245 21.0616
4.246 20.9828
4.247 20.8999
4.248 20.8129
4.249 20.7222
4.25 20.8091
4.251 20.9278
4.252 21.0414
4.253 21.1499
4.254 21.2534
4.255 21.3517
4.256 21.4449
4.257 21.6317
4.258 21.9319
4.259 22.2269
4.26 22.5164
4.261 22.8006
4.262 23.0792
4.263 23.3523
4.264 23.6197
4.265 23.8813
4.266 24.1372
4.267 24.3873
4.268 24.6315
4.269 24.8697
4.27 25.1018
4.271 25.3279
4.272 25.5478
4.273 25.7616
4.274 25.9691
4.275 26.1703
4.276 26.3651
4.277 26.5535
4.278 26.808
4.279 27.2304
4.28 27.6461
4.281 28.0551
4.282 28.4573
4.283 28.8525
4.284 29.2407
4.285 29.6705
4.286 30.1872
4.287 30.6966
4.288 31.1986
4.289 31.693
4.29 32.2398
4.291 32.7941
4.292 33.3403
4.293 33.8783
4.294 34.4079
4.295 34.9291
4.296 35.4417
4.297 35.9456
4.298 36.4406
4.299 36.9267
4.3 37.4036
4.301 37.8714
4.302 38.3298
4.303 38.7788
4.304 39.2182
4.305 39.648
4.306 40.068
4.307 40.4781
4.308 40.8782
4.309 41.2683
4.31 41.6481
4.311 42.0177
4.312 42.3769
4.313 42.7257
4.314 43.0639
4.315 43.3915
4.316 43.7084
4.317 44.0145
4.318 44.3098
4.319 44.594
4.32 45.064
4.321 45.6033
4.322 46.1313
4.323 46.6479
4.324 47.1531
4.325 47.6466
4.326 48.1284
4.327 48.5983
4.328 49.0562
4.329 49.502
4.33 49.9356
4.331 50.3568
4.332 50.7656
4.333 51.1619
4.334 51.5713
4.335 51.9981
4.336 52.4133
4.337 52.8167
4.338 53.2083
4.339 53.588
4.34 53.9555
4.341 54.3109
4.342 54.654
4.343 54.9847
4.344 55.3028
4.345 55.6084
4.346 55.9013
4.347 56.1813
4.348 56.4528
4.349 56.7368
4.35 57.0078
4.351 57.2655
4.352 57.51
4.353 57.7412
4.354 58.0602
4.355 58.3841
4.356 58.6944
4.357 58.9911
4.358 59.2741
4.359 59.5432
4.36 59.7983
4.361 60.0395
4.362 60.2665
4.363 60.4794
4.364 60.678
4.365 60.8622
4.366 61.0321
4.367 61.1875
4.368 61.3284
4.369 61.4548
4.37 61.5665
4.371 61.7196
4.372 61.8892
4.373 62.0439
4.374 62.1837
4.375 62.3086
4.376 62.4186
4.377 62.5135
4.378 62.5934
4.379 62.6581
4.38 62.7078
4.381 62.7423
4.382 62.7616
4.383 62.7658
4.384 62.9387
4.385 63.1319
4.386 63.3098
4.387 63.4724
4.388 63.6195
4.389 63.7512
4.39 63.8673
4.391 63.9679
4.392 64.053
4.393 64.1784
4.394 64.3486
4.395 64.503
4.396 64.6417
4.397 64.7645
4.398 64.8714
4.399 64.9625
4.4 65.0376
4.401 65.0968
4.402 65.14
4.403 65.1672
4.404 65.1784
4.405 65.1736
4.406 65.1528
4.407 65.116
4.408 65.0632
4.409 64.9944
4.41 64.9096
4.411 64.8089
4.412 64.6922
4.413 64.5595
4.414 64.411
4.415 64.2467
4.416 64.0665
4.417 63.8706
4.418 63.6589
4.419 63.4316
4.42 63.1887
4.421 62.9302
4.422 62.6561
4.423 62.3667
4.424 62.0619
4.425 61.7418
4.426 61.4065
4.427 61.0561
4.428 60.6906
4.429 60.3102
4.43 59.915
4.431 59.5557
4.432 59.1916
4.433 58.813
4.434 58.5119
4.435 58.3575
4.436 58.1887
4.437 58.0055
4.438 57.8079
4.439 57.5961
4.44 57.37
4.441 57.1298
4.442 56.8754
4.443 56.607
4.444 56.3246
4.445 56.0282
4.446 55.718
4.447 55.3941
4.448 55.0564
4.449 54.7051
4.45 54.3403
4.451 53.9621
4.452 53.5705
4.453 53.1657
4.454 52.7477
4.455 52.3167
4.456 51.8728
4.457 51.416
4.458 50.9698
4.459 50.6485
4.46 50.3147
4.461 49.9685
4.462 49.61
4.463 49.2967
4.464 49.0659
4.465 48.8237
4.466 48.5699
4.467 48.3047
4.468 48.028
4.469 47.7399
4.47 47.4405
4.471 47.1298
4.472 46.8078
4.473 46.4746
4.474 46.1304
4.475 45.775
4.476 45.4581
4.477 45.3278
4.478 45.1867
4.479 45.0346
4.48 44.8718
4.481 44.6981
4.482 44.5136
4.483 44.3184
4.484 44.1125
4.485 43.8959
4.486 43.6973
4.487 43.6031
4.488 43.4983
4.489 43.3829
4.49 43.257
4.491 43.1206
4.492 42.9738
4.493 42.8164
4.494 42.6487
4.495 42.4706
4.496 42.2822
4.497 42.0836
4.498 41.8747
4.499 41.6557
4.5 41.4266
4.501 41.1876
4.502 40.9386
4.503 40.6798
4.504 40.4112
4.505 40.133
4.506 39.8452
4.507 39.5479
4.508 39.2413
4.509 38.9255
4.51 38.6007
4.511 38.2669
4.512 37.9243
4.513 37.5731
4.514 37.2134
4.515 36.8455
4.516 36.4696
4.517 36.0859
4.518 35.6946
4.519 35.4804
4.52 35.3404
4.521 35.1918
4.522 35.0345
4.523 34.8688
4.524 34.6945
4.525 34.5118
4.526 34.3206
4.527 34.1211
4.528 33.9133
4.529 33.6972
4.53 33.4728
4.531 33.2403
4.532 32.9997
4.533 32.7649
4.534 32.6165
4.535 32.4601
4.536 32.2959
4.537 32.1238
4.538 31.9439
4.539 31.7562
4.54 31.5608
4.541 31.3577
4.542 31.147
4.543 30.9287
4.544 30.7029
4.545 30.4696
4.546 30.3073
4.547 30.1494
4.548 29.9841
4.549 29.8115
4.55 29.6316
4.551 29.4445
4.552 29.2633
4.553 29.0917
4.554 28.9129
4.555 28.7271
4.556 28.5342
4.557 28.3344
4.558 28.2014
4.559 28.1073
4.56 28.0063
4.561 27.8983
4.562 27.7834
4.563 27.6616
4.564 27.7202
4.565 27.856
4.566 27.9849
4.567 28.107
4.568 28.2221
4.569 28.3302
4.57 28.4313
4.571 28.5255
4.572 28.6125
4.573 28.6925
4.574 28.7655
4.575 28.8313
4.576 28.89
4.577 28.9416
4.578 28.986
4.579 29.0232
4.58 29.0533
4.581 29.0763
4.582 29.1681
4.583 29.3961
4.584 29.6169
4.585 29.8304
4.586 30.0541
4.587 30.2755
4.588 30.4895
4.589 30.6959
4.59 30.9097
4.591 31.1933
4.592 31.4694
4.593 31.7379
4.594 31.9988
4.595 32.2519
4.596 32.4973
4.597 32.7349
4.598 32.9646
4.599 33.1864
4.6 33.4001
4.601 33.6058
4.602 33.8034
4.603 33.9929
4.604 34.1741
4.605 34.3471
4.606 34.5118
4.607 34.6682
4.608 34.8162
4.609 34.9558
4.61 35.087
4.611 35.2097
4.612 35.3239
4.613 35.4295
4.614 35.5266
4.615 35.6151
4.616 35.695
4.617 35.7663
4.618 35.8289
4.619 35.8829
4.62 35.9282
4.621 35.9648
4.622 35.9927
4.623 36.0119
4.624 36.0225
4.625 36.0243
4.626 36.0173
4.627 36.0017
4.628 35.9774
4.629 35.9444
4.63 35.9027
4.631 35.8523
4.632 35.8127
4.633 35.8035
4.634 35.7858
4.635 35.7594
4.636 35.7243
4.637 35.6807
4.638 35.6284
4.639 35.5675
4.64 35.498
4.641 35.4199
4.642 35.3333
4.643 35.2381
4.644 35.1345
4.645 35.0223
4.646 34.9017
4.647 34.7727
4.648 34.6353
4.649 34.4895
4.65 34.3354
4.651 34.173
4.652 34.0024
4.653 33.8235
4.654 33.6365
4.655 33.4414
4.656 33.2383
4.657 33.0271
4.658 32.808
4.659 32.5809
4.66 32.4692
4.661 32.4897
4.662 32.5022
4.663 32.5896
4.664 32.7453
4.665 32.893
4.666 33.0327
4.667 33.1644
4.668 33.2881
4.669 33.4036
4.67 33.511
4.671 33.6102
4.672 33.7013
4.673 33.7842
4.674 33.8588
4.675 33.9252
4.676 33.9833
4.677 34.0332
4.678 34.0748
4.679 34.1081
4.68 34.133
4.681 34.1497
4.682 34.158
4.683 34.158
4.684 34.1498
4.685 34.1331
4.686 34.1082
4.687 34.075
4.688 34.0335
4.689 33.9836
4.69 33.9256
4.691 33.8592
4.692 33.7846
4.693 33.7018
4.694 33.6108
4.695 33.5116
4.696 33.4042
4.697 33.2888
4.698 33.1652
4.699 33.0336
4.7 32.8939
4.701 32.7462
4.702 32.5906
4.703 32.4271
4.704 32.2556
4.705 32.0764
4.706 31.8894
4.707 31.6946
4.708 31.5398
4.709 31.3791
4.71 31.2109
4.711 31.0354
4.712 30.8526
4.713 30.6624
4.714 30.4651
4.715 30.2607
4.716 30.0491
4.717 29.8305
4.718 29.6049
4.719 29.3724
4.72 29.1331
4.721 28.887
4.722 28.6342
4.723 28.3747
4.724 28.1087
4.725 27.8362
4.726 27.5573
4.727 27.2721
4.728 26.9806
4.729 26.683
4.73 26.3793
4.731 26.0696
4.732 25.754
4.733 25.5332
4.734 25.3143
4.735 25.0896
4.736 24.8594
4.737 24.6236
4.738 24.3824
4.739 24.1357
4.74 23.8837
4.741 23.6265
4.742 23.3641
4.743 23.0967
4.744 22.8242
4.745 22.5468
4.746 22.2646
4.747 21.9776
4.748 21.686
4.749 21.3899
4.75 21.0892
4.751 20.7842
4.752 20.4749
4.753 20.1614
4.754 19.8438
4.755 19.5223
4.756 19.1968
4.757 18.8676
4.758 18.5347
4.759 18.1982
4.76 17.8583
4.761 17.515
4.762 17.1684
4.763 16.9875
4.764 16.8413
4.765 16.8247
4.766 16.8184
4.767 16.8098
4.768 16.8472
4.769 16.8817
4.77 16.9133
4.771 16.942
4.772 16.9679
4.773 16.9909
4.774 17.0111
4.775 17.0284
4.776 17.043
4.777 17.0548
4.778 17.2054
4.779 17.422
4.78 17.6358
4.781 17.8467
4.782 18.0547
4.783 18.2597
4.784 18.4618
4.785 18.6609
4.786 18.8568
4.787 19.0497
4.788 19.2394
4.789 19.426
4.79 19.6092
4.791 19.7893
4.792 19.966
4.793 20.1393
4.794 20.3092
4.795 20.5006
4.796 20.785
4.797 21.0663
4.798 21.3444
4.799 21.6193
4.8 21.8907
4.801 22.3132
4.802 22.7443
4.803 23.1717
4.804 23.639
4.805 24.1514
4.806 24.6594
4.807 25.2769
4.808 25.9499
4.809 26.6181
4.81 27.2813
4.811 27.9392
4.812 28.5917
4.813 29.2386
4.814 29.8797
4.815 30.5149
4.816 31.1438
4.817 31.7665
4.818 32.3825
4.819 32.9919
4.82 33.5944
4.821 34.1898
4.822 34.778
4.823 35.3588
4.824 35.9321
4.825 36.4975
4.826 37.0551
4.827 37.6047
4.828 38.146
4.829 38.6789
4.83 39.2033
4.831 39.719
4.832 40.2259
4.833 40.7238
4.834 41.2126
4.835 41.6921
4.836 42.1622
4.837 42.6228
4.838 43.103
4.839 43.5893
4.84 44.0653
4.841 44.5309
4.842 44.9859
4.843 45.4303
4.844 45.8638
4.845 46.3304
4.846 46.8014
4.847 47.2612
4.848 47.7097
4.849 48.1469
4.85 48.5725
4.851 48.9866
4.852 49.3889
4.853 49.7794
4.854 50.1579
4.855 50.5243
4.856 50.8786
4.857 51.2207
4.858 51.5503
4.859 51.8676
4.86 52.2548
4.861 52.6495
4.862 53.0313
4.863 53.4003
4.864 53.7564
4.865 54.0994
4.866 54.4293
4.867 54.746
4.868 55.0493
4.869 55.3393
4.87 55.6264
4.871 55.9184
4.872 56.1968
4.873 56.4616
4.874 56.7127
4.875 56.95
4.876 57.1735
4.877 57.383
4.878 57.5787
4.879 57.7603
4.88 57.9278
4.881 58.0813
4.882 58.2206
4.883 58.3457
4.884 58.5614
4.885 58.7696
4.886 58.9635
4.887 59.143
4.888 59.308
4.889 59.4586
4.89 59.5946
4.891 59.7161
4.892 59.823
4.893 59.9154
4.894 59.993
4.895 60.056
4.896 60.1044
4.897 60.138
4.898 60.157
4.899 60.1612
4.9 60.1508
4.901 60.1256
4.902 60.0858
4.903 60.0313
4.904 59.9621
4.905 59.8782
4.906 59.7797
4.907 59.6666
4.908 59.539
4.909 59.3968
4.91 59.24
4.911 59.0688
4.912 59.0081
4.913 58.9377
4.914 58.8529
4.915 58.7538
4.916 58.6403
4.917 58.5126
4.918 58.3706
4.919 58.2144
4.92 58.0441
4.921 57.8596
4.922 57.661
4.923 57.4483
4.924 57.2217
4.925 56.9812
4.926 56.7267
4.927 56.4585
4.928 56.1766
4.929 55.881
4.93 55.5718
4.931 55.2491
4.932 55.0365
4.933 54.8238
4.934 54.5979
4.935 54.359
4.936 54.1071
4.937 53.8846
4.938 53.6714
4.939 53.4453
4.94 53.2063
4.941 52.9546
4.942 52.69
4.943 52.4129
4.944 52.1231
4.945 51.8207
4.946 51.506
4.947 51.1788
4.948 50.8394
4.949 50.4877
4.95 50.124
4.951 49.7482
4.952 49.3605
4.953 48.961
4.954 48.5498
4.955 48.1269
4.956 47.6925
4.957 47.2468
4.958 46.7897
4.959 46.3215
4.96 45.9169
4.961 45.5133
4.962 45.0989
4.963 44.6738
4.964 44.238
4.965 43.7917
4.966 43.3679
4.967 42.9499
4.968 42.5218
4.969 42.0836
4.97 41.7154
4.971 41.3388
4.972 40.9523
4.973 40.5561
4.974 40.1502
4.975 39.7348
4.976 39.31
4.977 39.0116
4.978 38.8158
4.979 38.6404
4.98 38.456
4.981 38.2625
4.982 38.06
4.983 37.8487
4.984 37.6284
4.985 37.3993
4.986 37.1614
4.987 36.9149
4.988 36.6597
4.989 36.396
4.99 36.1237
4.991 35.8431
4.992 35.554
4.993 35.286
4.994 35.0152
4.995 34.7363
4.996 34.4493
4.997 34.1543
4.998 33.8514
4.999 33.5407
