0 0
0.001 0
0.002 0
0.003 0
0.004 0
0.005 0
0.006 0
0.007 0
0.008 0
0.009 0
0.01 0
0.011 0
0.012 0
0.013 0
0.014 0
0.015 0
0.016 0
0.017 0
0.018 0
0.019 0
0.02 0
0.021 0
0.022 0
0.023 0
0.024 0
0.025 0
0.026 0
0.027 0
0.028 0
0.029 0
0.03 0
0.031 0
0.032 0
0.033 0
0.034 0
0.035 0
0.036 0
0.037 0
0.038 0
0.039 0
0.04 0
0.041 0
0.042 0
0.043 0
0.044 0
0.045 0
0.046 0
0.047 0
0.048 0
0.049 0
0.05 0
0.051 0
0.052 0
0.053 0
0.054 0
0.055 0
0.056 0
0.057 0
0.058 0
0.059 0
0.06 0
0.061 0
0.062 0
0.063 0
0.064 0
0.065 0
0.066 0
0.067 0
0.068 0
0.069 0
0.07 0
0.071 0
0.072 0
0.073 0
0.074 0
0.075 0
0.076 0
0.077 0
0.078 0
0.079 0
0.08 0
0.081 0
0.082 0
0.083 0
0.084 0
0.085 0
0.086 0
0.087 0
0.088 0
0.089 0
0.09 0
0.091 0
0.092 0
0.093 0
0.094 0
0.095 0
0.096 0
0.097 0
0.098 0
0.099 0
0.1 0
0.101 0
0.102 0
0.103 0
0.104 0
0.105 0
0.106 0
0.107 0
0.108 0
0.109 0
0.11 0
0.111 0
0.112 0
0.113 0
0.114 0
0.115 0
0.116 0
0.117 0
0.118 0
0.119 0
0.12 0
0.121 0
0.122 0
0.123 0
0.124 0
0.125 0
0.126 0
0.127 0
0.128 0
0.129 0
0.13 0
0.131 0
0.132 0
0.133 0
0.134 0
0.135 0
0.136 0
0.137 0
0.138 0
0.139 0
0.14 0
0.141 0
0.142 0
0.143 0
0.144 0
0.145 0
0.146 0
0.147 0
0.148 0
0.149 0
0.15 0
0.151 0
0.152 0
0.153 0
0.154 0
0.155 0
0.156 0
0.157 0
0.158 0
0.159 0
0.16 0
0.161 0
0.162 0
0.163 0
0.164 0
0.165 0
0.166 0
0.167 0
0.168 0
0.169 0
0.17 0
0.171 0
0.172 0
0.173 0
0.174 0
0.175 0
0.176 0
0.177 0
0.178 0
0.179 0
0.18 0
0.181 0
0.182 0
0.183 0
0.184 0
0.185 0
0.186 0
0.187 0
0.188 0
0.189 0
0.19 0
0.191 0
0.192 0
0.193 0
0.194 0
0.195 0
0.196 0
0.197 0
0.198 0
0.199 0
0.2 0
0.201 0
0.202 0
0.203 0
0.204 0
0.205 0
0.206 0
0.207 0
0.208 0
0.209 0
0.21 0
0.211 0
0.212 0
0.213 0
0.214 0
0.215 0
0.216 0
0.217 0
0.218 0
0.219 0
0.22 0
0.221 0
0.222 0
0.223 0
0.224 0
0.225 0
0.226 0
0.227 0
0.228 0
0.229 0
0.23 0
0.231 0
0.232 0
0.233 0
0.234 0
0.235 0
0.236 0
0.237 0
0.238 0
0.239 0
0.24 0
0.241 0
0.242 0
0.243 0
0.244 0
0.245 0
0.246 0
0.247 0
0.248 0
0.249 0
0.25 0
0.251 0
0.252 0
0.253 0
0.254 0
0.255 0
0.256 0
0.257 0
0.258 0
0.259 0
0.26 0
0.261 0
0.262 0
0.263 0
0.264 0
0.265 0
0.266 0
0.267 0
0.268 0
0.269 0
0.27 0
0.271 0
0.272 0
0.273 0
0.274 0
0.275 0
0.276 0
0.277 0
0.278 0
0.279 0
0.28 0
0.281 0
0.282 0
0.283 0
0.284 0
0.285 0
0.286 0
0.287 0
0.288 0
0.289 0
0.29 0
0.291 0
0.292 0
0.293 0
0.294 0
0.295 0
0.296 0
0.297 0
0.298 0
0.299 0
0.3 0
0.301 0
0.302 0
0.303 0
0.304 0
0.305 0
0.306 0
0.307 0
0.308 0
0.309 0
0.31 0
0.311 0
0.312 0
0.313 0
0.314 0
0.315 0
0.316 0
0.317 0
0.318 0
0.319 0
0.32 0
0.321 0
0.322 0
0.323 0
0.324 0
0.325 0
0.326 0
0.327 0
0.328 0
0.329 0
0.33 0
0.331 0
0.332 0
0.333 0
0.334 0
0.335 0
0.336 0
0.337 0
0.338 0
0.339 0
0.34 0
0.341 0
0.342 0
0.343 0
0.344 0
0.345 0
0.346 0
0.347 0
0.348 0
0.349 0
0.35 0
0.351 0
0.352 0
0.353 0
0.354 0
0.355 0
0.356 0
0.357 0
0.358 0
0.359 0
0.36 0
0.361 0
0.362 0
0.363 0
0.364 0
0.365 0
0.366 0
0.367 0
0.368 0
0.369 0
0.37 0
0.371 0
0.372 0
0.373 0
0.374 0
0.375 0
0.376 0
0.377 0
0.378 0
0.379 0
0.38 0
0.381 0
0.382 0
0.383 0
0.384 0
0.385 0
0.386 0
0.387 0
0.388 0
0.389 0
0.39 0
0.391 0
0.392 0
0.393 0
0.394 0
0.395 0
0.396 0
0.397 0
0.398 0
0.399 0
0.4 0
0.401 0
0.402 0
0.403 0
0.404 0
0.405 0
0.406 0.101068
0.407 0.271562
0.408 0.442001
0.409 0.612342
0.41 0.782541
0.411 0.952556
0.412 1.12235
0.413 1.29187
0.414 1.46108
0.415 1.62993
0.416 1.79839
0.417 1.96641
0.418 2.13396
0.419 2.30098
0.42 2.46743
0.421 2.63329
0.422 2.79849
0.423 2.96301
0.424 3.12679
0.425 3.28981
0.426 3.45202
0.427 3.61337
0.428 3.77383
0.429 3.93336
0.43 4.09192
0.431 4.24947
0.432 4.40596
0.433 4.56137
0.434 4.71564
0.435 4.86875
0.436 5.02065
0.437 5.1713
0.438 5.32068
0.439 5.46873
0.44 5.61543
0.441 5.76074
0.442 5.90461
0.443 6.04702
0.444 6.18793
0.445 6.3273
0.446 6.4651
0.447 6.6013
0.448 6.73585
0.449 6.86874
0.45 6.99991
0.451 7.12934
0.452 7.25701
0.453 7.38286
0.454 7.50689
0.455 7.62904
0.456 7.7493
0.457 7.86763
0.458 7.98401
0.459 8.0984
0.46 8.21077
0.461 8.3211
0.462 8.42936
0.463 8.53552
0.464 8.63956
0.465 8.74144
0.466 8.84116
0.467 8.93867
0.468 9.03395
0.469 9.12699
0.47 9.21775
0.471 9.30622
0.472 9.39237
0.473 9.47618
0.474 9.55763
0.475 9.6367
0.476 9.71337
0.477 9.78762
0.478 9.85944
0.479 9.92879
0.48 9.99568
0.481 10.0601
0.482 10.122
0.483 10.1813
0.484 10.2381
0.485 10.2924
0.486 10.3441
0.487 10.3933
0.488 10.4398
0.489 10.4838
0.49 10.5251
0.491 10.5638
0.492 10.5999
0.493 10.6333
0.494 10.6641
0.495 10.6922
0.496 10.7177
0.497 10.7404
0.498 10.7605
0.499 10.778
0.5 10.7927
0.501 10.8048
0.502 10.8141
0.503 10.8208
0.504 10.8247
0.505 10.826
0.506 10.8246
0.507 10.8204
0.508 10.8136
0.509 10.804
0.51 10.7918
0.511 10.7769
0.512 10.7593
0.513 10.739
0.514 10.716
0.515 10.6904
0.516 10.6621
0.517 10.6311
0.518 10.5975
0.519 10.5613
0.52 10.5224
0.521 10.4809
0.522 10.4367
0.523 10.39
0.524 10.3407
0.525 10.2888
0.526 10.2343
0.527 10.1773
0.528 10.1177
0.529 10.0556
0.53 9.99103
0.531 9.92395
0.532 9.85438
0.533 9.78236
0.534 9.7079
0.535 9.63102
0.536 9.55174
0.537 9.47007
0.538 9.38604
0.539 9.29967
0.54 9.21098
0.541 9.11999
0.542 9.02673
0.543 8.93122
0.544 8.83347
0.545 8.73353
0.546 8.6314
0.547 8.52713
0.548 8.42072
0.549 8.31221
0.55 8.20164
0.551 8.08901
0.552 7.97437
0.553 7.85774
0.554 7.73914
0.555 7.61862
0.556 7.4962
0.557 7.37191
0.558 7.24578
0.559 7.11784
0.56 6.98812
0.561 6.85667
0.562 6.7235
0.563 6.58866
0.564 6.45218
0.565 6.31408
0.566 6.17441
0.567 6.03321
0.568 5.89049
0.569 5.74631
0.57 5.6007
0.571 5.45369
0.572 5.30533
0.573 5.15564
0.574 5.00467
0.575 4.85245
0.576 4.69902
0.577 4.54442
0.578 4.38869
0.579 4.23186
0.58 4.07399
0.581 3.9151
0.582 3.75524
0.583 3.59444
0.584 3.43275
0.585 3.2702
0.586 3.10685
0.587 2.94272
0.588 2.77786
0.589 2.61232
0.59 2.44612
0.591 2.27932
0.592 2.11196
0.593 1.94407
0.594 1.77571
0.595 1.6069
0.596 1.43771
0.597 1.26815
0.598 1.09829
0.599 0.928163
0.6 0.757809
0.601 0.587272
0.602 0.416596
0.603 0.245823
0.604 0.0749963
0.605 0
0.606 0
0.607 0
0.608 0
0.609 0
0.61 0
0.611 0
0.612 0
0.613 0
0.614 0
0.615 0
0.616 0
0.617 0
0.618 0
0.619 0
0.62 0
0.621 0
0.622 0
0.623 0
0.624 0
0.625 0
0.626 0
0.627 0
0.628 0
0.629 0
0.63 0
0.631 0
0.632 0
0.633 0
0.634 0
0.635 0
0.636 0
0.637 0
0.638 0
0.639 0
0.64 0
0.641 0
0.642 0
0.643 0
0.644 0
0.645 0
0.646 0
0.647 0
0.648 0
0.649 0
0.65 0
0.651 0
0.652 0
0.653 0
0.654 0
0.655 0
0.656 0
0.657 0
0.658 0
0.659 0
0.66 0
0.661 0
0.662 0
0.663 0
0.664 0
0.665 0
0.666 0
0.667 0
0.668 0
0.669 0
0.67 0
0.671 0
0.672 0
0.673 0
0.674 0
0.675 0
0.676 0
0.677 0
0.678 0
0.679 0
0.68 0
0.681 0
0.682 0
0.683 0
0.684 0
0.685 0
0.686 0
0.687 0
0.688 0
0.689 0
0.69 0
0.691 0
0.692 0
0.693 0
0.694 0
0.695 0
0.696 0
0.697 0
0.698 0
0.699 0
0.7 0
0.701 0
0.702 0
0.703 0
0.704 0
0.705 0
0.706 0
0.707 0
0.708 0
0.709 0
0.71 0
0.711 0
0.712 0
0.713 0
0.714 0
0.715 0
0.716 0
0.717 0
0.718 0
0.719 0
0.72 0
0.721 0
0.722 0
0.723 0
0.724 0
0.725 0
0.726 0
0.727 0
0.728 0
0.729 0
0.73 0
0.731 0
0.732 0
0.733 0
0.734 0
0.735 0
0.736 0
0.737 0
0.738 0
0.739 0
0.74 0
0.741 0
0.742 0
0.743 0
0.744 0
0.745 0
0.746 0
0.747 0
0.748 0
0.749 0
0.75 0
0.751 0
0.752 0
0.753 0
0.754 0
0.755 0
0.756 0
0.757 0
0.758 0
0.759 0
0.76 0.14522
0.761 0.320888
0.762 0.496463
0.763 0.671901
0.764 0.854628
0.765 1.10213
0.766 1.34935
0.767 1.59623
0.768 1.8427
0.769 2.08871
0.77 2.33419
0.771 2.57909
0.772 2.82333
0.773 3.06686
0.774 3.30963
0.775 3.55156
0.776 3.79259
0.777 4.03268
0.778 4.27175
0.779 4.50975
0.78 4.74662
0.781 4.9823
0.782 5.21672
0.783 5.44984
0.784 5.68159
0.785 5.91192
0.786 6.14076
0.787 6.36807
0.788 6.59378
0.789 6.81783
0.79 7.04018
0.791 7.26076
0.792 7.47953
0.793 7.69642
0.794 7.91138
0.795 8.12436
0.796 8.33531
0.797 8.54417
0.798 8.75089
0.799 8.95541
0.8 9.1577
0.801 9.35769
0.802 9.55534
0.803 9.7506
0.804 9.94341
0.805 10.1337
0.806 10.3215
0.807 10.5067
0.808 10.6893
0.809 10.8692
0.81 11.0464
0.811 11.2208
0.812 11.3924
0.813 11.5612
0.814 11.727
0.815 11.8899
0.816 12.0499
0.817 12.2068
0.818 12.3607
0.819 12.5115
0.82 12.6592
0.821 12.8037
0.822 12.9449
0.823 13.083
0.824 13.2178
0.825 13.3492
0.826 13.4773
0.827 13.6021
0.828 13.7235
0.829 13.8414
0.83 13.9558
0.831 14.0668
0.832 14.1742
0.833 14.2781
0.834 14.3785
0.835 14.4752
0.836 14.5683
0.837 14.6578
0.838 14.7436
0.839 14.8257
0.84 14.9041
0.841 14.9787
0.842 15.0497
0.843 15.1168
0.844 15.1802
0.845 15.2398
0.846 15.2955
0.847 15.3475
0.848 15.3956
0.849 15.4398
0.85 15.4802
0.851 15.5168
0.852 15.5494
0.853 15.5781
0.854 15.603
0.855 15.6239
0.856 15.641
0.857 15.6541
0.858 15.6633
0.859 15.6686
0.86 15.67
0.861 15.6675
0.862 15.661
0.863 15.6506
0.864 15.6363
0.865 15.6181
0.866 15.596
0.867 15.57
0.868 15.5401
0.869 15.5063
0.87 15.4687
0.871 15.4271
0.872 15.3818
0.873 15.3325
0.874 15.2794
0.875 15.2225
0.876 15.1618
0.877 15.0973
0.878 15.0291
0.879 14.9571
0.88 14.8813
0.881 14.8018
0.882 14.7186
0.883 14.6317
0.884 14.5412
0.885 14.447
0.886 14.3493
0.887 14.2479
0.888 14.143
0.889 14.0345
0.89 13.9225
0.891 13.8071
0.892 13.6882
0.893 13.5658
0.894 13.4401
0.895 13.311
0.896 13.1786
0.897 13.0429
0.898 12.904
0.899 12.7618
0.9 12.6164
0.901 12.4679
0.902 12.3162
0.903 12.1615
0.904 12.0037
0.905 11.8429
0.906 11.6792
0.907 11.5125
0.908 11.343
0.909 11.1706
0.91 10.9955
0.911 10.8176
0.912 10.637
0.913 10.4537
0.914 10.2678
0.915 10.0794
0.916 9.88841
0.917 9.69497
0.918 9.49912
0.919 9.30088
0.92 9.10033
0.921 8.8975
0.922 8.69245
0.923 8.48522
0.924 8.27588
0.925 8.06447
0.926 7.85105
0.927 7.63566
0.928 7.41837
0.929 7.19923
0.93 6.97828
0.931 6.7556
0.932 6.53123
0.933 6.30523
0.934 6.07766
0.935 5.84857
0.936 5.61802
0.937 5.38607
0.938 5.15277
0.939 4.91819
0.94 4.68239
0.941 4.44541
0.942 4.20733
0.943 3.9682
0.944 3.72809
0.945 3.48704
0.946 3.24513
0.947 3.00241
0.948 2.75894
0.949 2.51479
0.95 2.27002
0.951 2.02468
0.952 1.77884
0.953 1.53256
0.954 1.2859
0.955 1.03893
0.956 0.7917
0.957 0.54428
0.958 0.391911
0.959 0.319685
0.96 0.247388
0.961 0.175039
0.962 0.102656
0.963 0.0302563
0.964 0
0.965 0
0.966 0
0.967 0
0.968 0
0.969 0
0.97 0
0.971 0
0.972 0
0.973 0
0.974 0
0.975 0
0.976 0
0.977 0
0.978 0
0.979 0
0.98 0
0.981 0
0.982 0
0.983 0
0.984 0
0.985 0
0.986 0
0.987 0
0.988 0
0.989 0
0.99 0
0.991 0
0.992 0
0.993 0
0.994 0
0.995 0
0.996 0
0.997 0
0.998 0
0.999 0
1 0
1.001 0
1.002 0
1.003 0
1.004 0
1.005 0
1.006 0
1.007 0
1.008 0
1.009 0
1.01 0
1.011 0
1.012 0
1.013 0
1.014 0
1.015 0
1.016 0
1.017 0
1.018 0
1.019 0
1.02 0
1.021 0
1.022 0
1.023 0
1.024 0
1.025 0
1.026 0
1.027 0
1.028 0
1.029 0
1.03 0
1.031 0
1.032 0
1.033 0
1.034 0
1.035 0
1.036 0
1.037 0
1.038 0
1.039 0
1.04 0
1.041 0
1.042 0
1.043 0
1.044 0
1.045 0
1.046 0
1.047 0
1.048 0
1.049 0
1.05 0
1.051 0
1.052 0
1.053 0
1.054 0
1.055 0
1.056 0
1.057 0
1.058 0
1.059 0
1.06 0
1.061 0
1.062 0.110862
1.063 0.261901
1.064 0.4129
1.065 0.563822
1.066 0.714628
1.067 0.86528
1.068 1.01574
1.069 1.16597
1.07 1.31594
1.071 1.50842
1.072 1.84454
1.073 2.18023
1.074 2.5154
1.075 2.84998
1.076 3.18388
1.077 3.51701
1.078 3.84929
1.079 4.18065
1.08 4.51098
1.081 4.84022
1.082 5.16828
1.083 5.49508
1.084 5.82054
1.085 6.14457
1.086 6.46709
1.087 6.78803
1.088 7.10729
1.089 7.42482
1.09 7.74051
1.091 8.0543
1.092 8.3661
1.093 8.67584
1.094 8.98345
1.095 9.28883
1.096 9.59192
1.097 9.89264
1.098 10.1909
1.099 10.4867
1.1 10.7798
1.101 11.0703
1.102 11.3581
1.103 11.8265
1.104 12.3121
1.105 12.7947
1.106 13.2742
1.107 13.7503
1.108 14.2231
1.109 14.6923
1.11 15.1578
1.111 15.6197
1.112 16.0776
1.113 16.5316
1.114 16.9814
1.115 17.4271
1.116 17.8684
1.117 18.3053
1.118 18.7376
1.119 19.1653
1.12 19.5882
1.121 20.0063
1.122 20.4194
1.123 20.8274
1.124 21.2302
1.125 21.6278
1.126 22.02
1.127 22.4067
1.128 22.7879
1.129 23.1633
1.13 23.533
1.131 23.8969
1.132 24.2548
1.133 24.6067
1.134 24.9525
1.135 25.292
1.136 25.6253
1.137 25.9521
1.138 26.2726
1.139 26.5864
1.14 26.8937
1.141 27.1943
1.142 27.4881
1.143 27.775
1.144 28.0551
1.145 28.3281
1.146 28.5941
1.147 28.853
1.148 29.1047
1.149 29.3491
1.15 29.5863
1.151 29.816
1.152 30.0384
1.153 30.2532
1.154 30.4606
1.155 30.6603
1.156 30.8524
1.157 31.0368
1.158 31.2135
1.159 31.3824
1.16 31.5435
1.161 31.6967
1.162 31.842
1.163 31.9794
1.164 32.1089
1.165 32.2303
1.166 32.3437
1.167 32.449
1.168 32.5463
1.169 32.6354
1.17 32.7164
1.171 32.7893
1.172 32.854
1.173 32.9105
1.174 32.9588
1.175 32.9989
1.176 33.0307
1.177 33.0544
1.178 33.0698
1.179 33.0769
1.18 33.0758
1.181 33.1611
1.182 33.3679
1.183 33.5664
1.184 33.7566
1.185 33.9384
1.186 34.1117
1.187 34.2765
1.188 34.4327
1.189 34.5804
1.19 34.7194
1.191 34.8498
1.192 34.9715
1.193 35.0845
1.194 35.1888
1.195 35.2842
1.196 35.3709
1.197 35.4488
1.198 35.5178
1.199 35.578
1.2 35.6293
1.201 35.6717
1.202 35.7052
1.203 35.7299
1.204 35.7456
1.205 35.7524
1.206 35.7503
1.207 35.7393
1.208 35.7193
1.209 35.6905
1.21 35.6528
1.211 35.6061
1.212 35.5506
1.213 35.4863
1.214 35.4131
1.215 35.3311
1.216 35.2402
1.217 35.1406
1.218 35.0322
1.219 34.9151
1.22 34.7893
1.221 34.6548
1.222 34.5116
1.223 34.3599
1.224 34.1996
1.225 34.0308
1.226 33.8535
1.227 33.6677
1.228 33.4736
1.229 33.2711
1.23 33.0603
1.231 32.8413
1.232 32.6141
1.233 32.3788
1.234 32.1354
1.235 31.9942
1.236 31.895
1.237 31.7878
1.238 31.6727
1.239 31.5498
1.24 31.4189
1.241 31.2803
1.242 31.1338
1.243 30.9796
1.244 30.8177
1.245 30.6481
1.246 30.4708
1.247 30.286
1.248 30.0936
1.249 29.8937
1.25 29.6863
1.251 29.4716
1.252 29.2495
1.253 29.0201
1.254 28.7835
1.255 28.5398
1.256 28.2889
1.257 28.031
1.258 27.7661
1.259 27.4942
1.26 27.2156
1.261 26.9301
1.262 26.7618
1.263 26.6139
1.264 26.4594
1.265 26.2982
1.266 26.1305
1.267 25.9562
1.268 25.7754
1.269 25.5882
1.27 25.4732
1.271 25.4602
1.272 25.4408
1.273 25.4151
1.274 25.383
1.275 25.3445
1.276 25.2997
1.277 25.2486
1.278 25.1912
1.279 25.1275
1.28 25.0575
1.281 24.9812
1.282 24.8986
1.283 24.8099
1.284 24.7149
1.285 24.6138
1.286 24.5065
1.287 24.393
1.288 24.2735
1.289 24.1479
1.29 24.0163
1.291 23.8786
1.292 23.735
1.293 23.5854
1.294 23.43
1.295 23.2686
1.296 23.1015
1.297 22.9286
1.298 22.7499
1.299 22.5656
1.3 22.3756
1.301 22.2045
1.302 22.2069
1.303 22.2365
1.304 22.3317
1.305 22.4213
1.306 22.5053
1.307 22.5837
1.308 22.6564
1.309 22.7234
1.31 22.7848
1.311 22.8404
1.312 22.8903
1.313 22.9345
1.314 22.9729
1.315 23.0056
1.316 23.0326
1.317 23.0537
1.318 23.0691
1.319 23.0787
1.32 23.0825
1.321 23.0806
1.322 23.0729
1.323 23.0593
1.324 23.0401
1.325 23.015
1.326 22.9842
1.327 22.9476
1.328 22.9053
1.329 22.8572
1.33 22.8034
1.331 22.7439
1.332 22.6788
1.333 22.6079
1.334 22.5313
1.335 22.4492
1.336 22.3614
1.337 22.268
1.338 22.169
1.339 22.0645
1.34 21.9544
1.341 21.8389
1.342 21.7178
1.343 21.5914
1.344 21.4595
1.345 21.3223
1.346 21.1797
1.347 21.0318
1.348 20.9718
1.349 20.9894
1.35 21.0019
1.351 21.009
1.352 21.011
1.353 21.1938
1.354 21.3852
1.355 21.5714
1.356 21.7521
1.357 21.9273
1.358 22.0971
1.359 22.2613
1.36 22.42
1.361 22.573
1.362 22.7204
1.363 22.8621
1.364 22.998
1.365 23.1282
1.366 23.2526
1.367 23.3711
1.368 23.4839
1.369 23.5907
1.37 23.6916
1.371 23.7866
1.372 23.8756
1.373 23.9586
1.374 24.1705
1.375 24.3821
1.376 24.5876
1.377 24.787
1.378 24.9802
1.379 25.1671
1.38 25.5457
1.381 25.9445
1.382 26.3368
1.383 26.7225
1.384 27.1015
1.385 27.4738
1.386 27.9429
1.387 28.5255
1.388 29.1009
1.389 29.6691
1.39 30.2298
1.391 30.783
1.392 31.3285
1.393 31.8662
1.394 32.396
1.395 32.9176
1.396 33.4311
1.397 33.9362
1.398 34.4328
1.399 34.9208
1.4 35.5033
1.401 36.1961
1.402 37.0516
1.403 37.8981
1.404 38.7355
1.405 39.5636
1.406 40.382
1.407 41.1907
1.408 41.9893
1.409 42.9367
1.41 43.8926
1.411 44.8378
1.412 45.772
1.413 46.6951
1.414 47.6068
1.415 48.5068
1.416 49.3949
1.417 50.2709
1.418 51.1346
1.419 51.9857
1.42 52.8241
1.421 53.6494
1.422 54.4616
1.423 55.2603
1.424 56.0455
1.425 56.8168
1.426 57.5741
1.427 58.3173
1.428 59.046
1.429 59.7601
1.43 60.4595
1.431 61.2336
1.432 62.0882
1.433 62.9504
1.434 63.9342
1.435 64.9022
1.436 65.8542
1.437 66.7898
1.438 67.7089
1.439 68.6112
1.44 69.4965
1.441 70.3645
1.442 71.2152
1.443 72.0481
1.444 72.8632
1.445 73.6602
1.446 74.4389
1.447 75.1991
1.448 75.9407
1.449 76.6634
1.45 77.367
1.451 78.0515
1.452 78.7165
1.453 79.362
1.454 79.9878
1.455 80.5936
1.456 81.1795
1.457 81.7451
1.458 82.2905
1.459 82.8153
1.46 83.3196
1.461 83.8032
1.462 84.2659
1.463 84.7077
1.464 85.1283
1.465 85.5278
1.466 85.9061
1.467 86.2629
1.468 86.5983
1.469 86.9122
1.47 87.2044
1.471 87.475
1.472 87.7238
1.473 87.9507
1.474 88.1558
1.475 88.3389
1.476 88.5001
1.477 88.6392
1.478 88.7563
1.479 88.8514
1.48 88.9243
1.481 88.9751
1.482 89.0038
1.483 89.0103
1.484 88.9947
1.485 88.957
1.486 88.8971
1.487 88.8152
1.488 88.7112
1.489 88.5851
1.49 88.437
1.491 88.267
1.492 88.075
1.493 87.8611
1.494 87.6254
1.495 87.368
1.496 87.0888
1.497 86.788
1.498 86.4657
1.499 86.122
1.5 85.7569
1.501 85.3705
1.502 85.0491
1.503 84.7242
1.504 84.3784
1.505 84.0117
1.506 83.6242
1.507 83.2159
1.508 82.7871
1.509 82.3378
1.51 81.8681
1.511 81.3782
1.512 80.8682
1.513 80.45
1.514 80.1497
1.515 79.8295
1.516 79.4897
1.517 79.1302
1.518 78.7513
1.519 78.3529
1.52 77.9353
1.521 77.4985
1.522 77.0426
1.523 76.5678
1.524 76.0742
1.525 75.562
1.526 75.0313
1.527 74.4821
1.528 73.9148
1.529 73.3294
1.53 72.7262
1.531 72.1052
1.532 71.4666
1.533 70.9339
1.534 70.4092
1.535 69.8675
1.536 69.309
1.537 68.7337
1.538 68.1418
1.539 67.5335
1.54 66.909
1.541 66.2685
1.542 65.6122
1.543 64.9402
1.544 64.2527
1.545 63.5499
1.546 62.9106
1.547 62.451
1.548 61.9925
1.549 61.5194
1.55 61.2005
1.551 60.995
1.552 60.8744
1.553 60.7397
1.554 60.5908
1.555 60.4279
1.556 60.2511
1.557 60.0603
1.558 59.8557
1.559 59.6373
1.56 59.4053
1.561 59.1596
1.562 58.9005
1.563 58.6279
1.564 58.3421
1.565 58.043
1.566 57.7307
1.567 57.4054
1.568 57.0671
1.569 56.716
1.57 56.3521
1.571 55.9756
1.572 55.5865
1.573 55.2432
1.574 54.9698
1.575 54.6841
1.576 54.3861
1.577 54.076
1.578 53.7537
1.579 53.4193
1.58 53.073
1.581 52.7147
1.582 52.3446
1.583 51.9626
1.584 51.569
1.585 51.318
1.586 51.1252
1.587 50.9208
1.588 50.7048
1.589 50.4773
1.59 50.2382
1.591 49.9876
1.592 49.7255
1.593 49.4519
1.594 49.167
1.595 48.8706
1.596 48.5629
1.597 48.2439
1.598 47.9136
1.599 47.5721
1.6 47.2856
1.601 47.1119
1.602 46.9272
1.603 46.7313
1.604 46.5243
1.605 46.3062
1.606 46.0771
1.607 45.9078
1.608 45.8348
1.609 45.7507
1.61 45.6744
1.611 45.7193
1.612 45.753
1.613 45.7757
1.614 45.7873
1.615 45.8086
1.616 45.9083
1.617 45.9966
1.618 46.0738
1.619 46.1845
1.62 46.3886
1.621 46.5811
1.622 46.7619
1.623 46.931
1.624 47.0884
1.625 47.2339
1.626 47.3677
1.627 47.506
1.628 47.7599
1.629 48.0018
1.63 48.3602
1.631 48.7632
1.632 49.154
1.633 49.5755
1.634 50.0736
1.635 50.5592
1.636 51.0321
1.637 51.4921
1.638 51.9393
1.639 52.3735
1.64 52.7946
1.641 53.2024
1.642 53.5969
1.643 54.1104
1.644 54.6217
1.645 55.1193
1.646 55.6031
1.647 56.0729
1.648 56.5287
1.649 56.9704
1.65 57.3978
1.651 57.8108
1.652 58.2093
1.653 58.5932
1.654 58.9625
1.655 59.317
1.656 59.6567
1.657 59.9814
1.658 60.2912
1.659 60.5858
1.66 60.8653
1.661 61.1295
1.662 61.3784
1.663 61.612
1.664 61.8302
1.665 62.0329
1.666 62.22
1.667 62.3917
1.668 62.5477
1.669 62.6881
1.67 62.8128
1.671 62.9218
1.672 63.0151
1.673 63.0927
1.674 63.1545
1.675 63.2006
1.676 63.2309
1.677 63.2454
1.678 63.2442
1.679 63.2272
1.68 63.1944
1.681 63.1459
1.682 63.0817
1.683 63.0018
1.684 62.9063
1.685 62.7951
1.686 62.6684
1.687 62.5261
1.688 62.3683
1.689 62.1951
1.69 62.0065
1.691 61.8025
1.692 61.5834
1.693 61.349
1.694 61.0996
1.695 60.8352
1.696 60.5558
1.697 60.2616
1.698 59.9527
1.699 59.6729
1.7 59.4587
1.701 59.23
1.702 58.9871
1.703 58.7298
1.704 58.4585
1.705 58.1731
1.706 57.8739
1.707 57.5609
1.708 57.2342
1.709 56.8941
1.71 56.5406
1.711 56.1977
1.712 56.0551
1.713 55.8987
1.714 55.7283
1.715 55.5441
1.716 55.3461
1.717 55.1342
1.718 54.9087
1.719 54.6695
1.72 54.4168
1.721 54.1505
1.722 53.8708
1.723 53.5777
1.724 53.2713
1.725 52.9517
1.726 52.6189
1.727 52.2731
1.728 51.9144
1.729 51.5428
1.73 51.1585
1.731 50.7615
1.732 50.4099
1.733 50.1364
1.734 49.8505
1.735 49.5523
1.736 49.2418
1.737 48.9193
1.738 48.5846
1.739 48.2381
1.74 47.8796
1.741 47.5094
1.742 47.1276
1.743 46.7342
1.744 46.3294
1.745 45.9644
1.746 45.65
1.747 45.3246
1.748 45.0414
1.749 44.8893
1.75 44.7263
1.751 44.5525
1.752 44.368
1.753 44.1728
1.754 43.967
1.755 43.7506
1.756 43.5238
1.757 43.2866
1.758 43.0391
1.759 42.7815
1.76 42.5137
1.761 42.236
1.762 41.9483
1.763 41.6509
1.764 41.3438
1.765 41.0272
1.766 40.7011
1.767 40.3657
1.768 40.0211
1.769 39.6675
1.77 39.305
1.771 38.9337
1.772 38.5539
1.773 38.1655
1.774 37.7689
1.775 37.3641
1.776 36.9513
1.777 36.5988
1.778 36.2856
1.779 35.9649
1.78 35.6369
1.781 35.3016
1.782 34.9593
1.783 34.6101
1.784 34.3582
1.785 34.1366
1.786 33.9087
1.787 33.6744
1.788 33.434
1.789 33.1876
1.79 33.0107
1.791 32.8566
1.792 32.6974
1.793 32.5332
1.794 32.364
1.795 32.19
1.796 32.0111
1.797 31.8315
1.798 31.7886
1.799 31.7411
1.8 31.689
1.801 31.6323
1.802 31.5712
1.803 31.5056
1.804 31.4355
1.805 31.361
1.806 31.282
1.807 31.1986
1.808 31.1337
1.809 31.1913
1.81 31.2443
1.811 31.2927
1.812 31.3364
1.813 31.3755
1.814 31.455
1.815 31.5949
1.816 31.7299
1.817 31.8598
1.818 31.9845
1.819 32.104
1.82 32.2182
1.821 32.3269
1.822 32.43
1.823 32.5275
1.824 32.6191
1.825 32.7049
1.826 32.7944
1.827 33.0111
1.828 33.2216
1.829 33.4256
1.83 33.6232
1.831 33.8141
1.832 33.9982
1.833 34.1754
1.834 34.3456
1.835 34.5087
1.836 34.6646
1.837 34.8131
1.838 34.9542
1.839 35.0877
1.84 35.2136
1.841 35.3741
1.842 35.6627
1.843 36.0258
1.844 36.3808
1.845 36.7276
1.846 37.066
1.847 37.396
1.848 37.7322
1.849 38.1198
1.85 38.4986
1.851 38.8684
1.852 39.2292
1.853 39.5809
1.854 39.9232
1.855 40.2562
1.856 40.5796
1.857 40.8934
1.858 41.1975
1.859 41.4918
1.86 41.7762
1.861 42.0505
1.862 42.3148
1.863 42.5689
1.864 42.8127
1.865 43.0462
1.866 43.2693
1.867 43.4819
1.868 43.6839
1.869 43.8754
1.87 44.0562
1.871 44.2262
1.872 44.3855
1.873 44.534
1.874 44.6715
1.875 44.8476
1.876 45.1084
1.877 45.3582
1.878 45.5969
1.879 45.8244
1.88 46.0406
1.881 46.2455
1.882 46.439
1.883 46.6211
1.884 46.7917
1.885 46.9508
1.886 47.0984
1.887 47.2343
1.888 47.3586
1.889 47.4712
1.89 47.572
1.891 47.6612
1.892 47.7385
1.893 47.8444
1.894 48.0345
1.895 48.2127
1.896 48.379
1.897 48.5334
1.898 48.7404
1.899 48.9944
1.9 49.2363
1.901 49.466
1.902 49.6835
1.903 49.8886
1.904 50.0813
1.905 50.2617
1.906 50.4295
1.907 50.5849
1.908 50.7277
1.909 50.8579
1.91 50.9755
1.911 51.2004
1.912 51.4141
1.913 51.6151
1.914 51.8278
1.915 52.1221
1.916 52.4035
1.917 52.672
1.918 52.9274
1.919 53.1698
1.92 53.399
1.921 53.615
1.922 53.8178
1.923 54.0072
1.924 54.1832
1.925 54.3458
1.926 54.495
1.927 54.6306
1.928 54.7527
1.929 54.8613
1.93 54.9562
1.931 55.0375
1.932 55.1051
1.933 55.1591
1.934 55.3104
1.935 55.4583
1.936 55.5924
1.937 55.7127
1.938 55.8191
1.939 55.9117
1.94 55.9904
1.941 56.0552
1.942 56.1061
1.943 56.143
1.944 56.166
1.945 56.175
1.946 56.17
1.947 56.1511
1.948 56.1738
1.949 56.2615
1.95 56.3351
1.951 56.3947
1.952 56.4404
1.953 56.4719
1.954 56.5564
1.955 56.6516
1.956 56.7679
1.957 56.9113
1.958 57.0404
1.959 57.1554
1.96 57.2561
1.961 57.3425
1.962 57.4147
1.963 57.4725
1.964 57.516
1.965 57.5452
1.966 57.5601
1.967 57.5605
1.968 57.5467
1.969 57.5185
1.97 57.4759
1.971 57.4191
1.972 57.3479
1.973 57.2624
1.974 57.1627
1.975 57.0657
1.976 57.0524
1.977 57.0248
1.978 56.9831
1.979 56.9272
1.98 56.8571
1.981 56.7728
1.982 56.8656
1.983 57.1608
1.984 57.5711
1.985 57.967
1.986 58.3485
1.987 58.7154
1.988 59.1623
1.989 59.61
1.99 60.0428
1.991 60.4606
1.992 60.8634
1.993 61.2511
1.994 61.6234
1.995 61.9805
1.996 62.322
1.997 62.6481
1.998 63.0215
1.999 63.4597
2 63.9774
2.001 64.5103
2.002 65.027
2.003 65.5274
2.004 66.0115
2.005 66.479
2.006 66.9299
2.007 67.364
2.008 67.8218
2.009 68.3291
2.01 68.8193
2.011 69.2923
2.012 69.748
2.013 70.2762
2.014 70.8286
2.015 71.3634
2.016 71.8802
2.017 72.3791
2.018 72.8599
2.019 73.3225
2.02 73.7667
2.021 74.1924
2.022 74.5996
2.023 74.9881
2.024 75.3579
2.025 75.7088
2.026 76.0408
2.027 76.3537
2.028 76.6476
2.029 76.9223
2.03 77.1777
2.031 77.4138
2.032 77.6306
2.033 77.8279
2.034 78.0058
2.035 78.1641
2.036 78.3029
2.037 78.4221
2.038 78.5217
2.039 78.6016
2.04 78.6863
2.041 78.8438
2.042 78.9816
2.043 79.0997
2.044 79.1979
2.045 79.2764
2.046 79.335
2.047 79.3738
2.048 79.3927
2.049 79.3918
2.05 79.371
2.051 79.3304
2.052 79.2699
2.053 79.1897
2.054 79.0896
2.055 78.9979
2.056 78.9331
2.057 78.8485
2.058 78.744
2.059 78.6198
2.06 78.4759
2.061 78.3122
2.062 78.1289
2.063 77.9259
2.064 77.7034
2.065 77.5901
2.066 77.4833
2.067 77.3571
2.068 77.2114
2.069 77.0464
2.07 76.8621
2.071 76.6584
2.072 76.4355
2.073 76.3003
2.074 76.1846
2.075 76.0498
2.076 75.896
2.077 75.7232
2.078 75.5313
2.079 75.3206
2.08 75.091
2.081 74.8425
2.082 74.5753
2.083 74.2894
2.084 73.9848
2.085 73.6618
2.086 73.3202
2.087 72.9603
2.088 72.5821
2.089 72.1857
2.09 71.7712
2.091 71.3715
2.092 71.0571
2.093 70.7248
2.094 70.3748
2.095 70.0071
2.096 69.6219
2.097 69.2193
2.098 68.7993
2.099 68.3621
2.1 67.9077
2.101 67.4363
2.102 66.9481
2.103 66.443
2.104 65.9213
2.105 65.3831
2.106 64.8284
2.107 64.2576
2.108 63.6706
2.109 63.1859
2.11 62.8267
2.111 62.4684
2.112 62.1735
2.113 61.9026
2.114 61.6163
2.115 61.3145
2.116 60.9974
2.117 60.665
2.118 60.3175
2.119 59.9548
2.12 59.5772
2.121 59.1847
2.122 58.7773
2.123 58.3553
2.124 57.9186
2.125 57.4675
2.126 57.002
2.127 56.5223
2.128 56.0284
2.129 55.5205
2.13 54.9987
2.131 54.4632
2.132 53.9862
2.133 53.5451
2.134 53.0907
2.135 52.6229
2.136 52.142
2.137 51.6482
2.138 51.1414
2.139 50.6218
2.14 50.0896
2.141 49.5449
2.142 48.9879
2.143 48.4186
2.144 47.8373
2.145 47.244
2.146 46.639
2.147 46.1482
2.148 45.6545
2.149 45.1495
2.15 44.6332
2.151 44.1058
2.152 43.5675
2.153 43.1068
2.154 42.6385
2.155 42.1597
2.156 41.6703
2.157 41.1707
2.158 40.6608
2.159 40.1408
2.16 39.6108
2.161 39.071
2.162 38.5216
2.163 37.9795
2.164 37.5149
2.165 37.0411
2.166 36.558
2.167 36.2075
2.168 35.8724
2.169 35.5285
2.17 35.1758
2.171 34.8145
2.172 34.4445
2.173 34.0661
2.174 33.6792
2.175 33.2841
2.176 32.8808
2.177 32.4694
2.178 32.1316
2.179 31.803
2.18 31.5058
2.181 31.4263
2.182 31.3793
2.183 31.4002
2.184 31.4228
2.185 31.4376
2.186 31.4444
2.187 31.4433
2.188 31.4343
2.189 31.4174
2.19 31.3926
2.191 31.3598
2.192 31.3192
2.193 31.2707
2.194 31.2143
2.195 31.15
2.196 31.078
2.197 30.998
2.198 30.974
2.199 31.0051
2.2 31.0285
2.201 31.0441
2.202 31.0519
2.203 31.0519
2.204 31.0441
2.205 31.0285
2.206 31.0051
2.207 31.0463
2.208 31.1143
2.209 31.1745
2.21 31.2268
2.211 31.3696
2.212 31.5389
2.213 31.7002
2.214 31.8536
2.215 31.999
2.216 32.1364
2.217 32.2657
2.218 32.387
2.219 32.5001
2.22 32.6051
2.221 32.7019
2.222 32.7905
2.223 32.8708
2.224 32.943
2.225 33.0069
2.226 33.0625
2.227 33.1098
2.228 33.1488
2.229 33.1795
2.23 33.2019
2.231 33.2159
2.232 33.2216
2.233 33.219
2.234 33.2081
2.235 33.1889
2.236 33.1613
2.237 33.1254
2.238 33.0812
2.239 33.0287
2.24 32.9847
2.241 33.012
2.242 33.031
2.243 33.0418
2.244 33.0442
2.245 33.0384
2.246 33.0242
2.247 33.0018
2.248 32.9712
2.249 32.9322
2.25 32.885
2.251 32.8296
2.252 32.7659
2.253 32.694
2.254 32.614
2.255 32.5257
2.256 32.4293
2.257 32.3247
2.258 32.2121
2.259 32.0914
2.26 31.9626
2.261 31.8258
2.262 31.681
2.263 31.5973
2.264 31.5923
2.265 31.5794
2.266 31.5585
2.267 31.5298
2.268 31.4932
2.269 31.4487
2.27 31.3963
2.271 31.3361
2.272 31.268
2.273 31.1921
2.274 31.1084
2.275 31.0169
2.276 30.9177
2.277 30.8107
2.278 30.696
2.279 30.5736
2.28 30.4436
2.281 30.3059
2.282 30.1607
2.283 30.0079
2.284 29.8476
2.285 29.6798
2.286 29.5046
2.287 29.322
2.288 29.1321
2.289 28.9349
2.29 28.7304
2.291 28.5187
2.292 28.3
2.293 28.0933
2.294 28.0469
2.295 27.9934
2.296 27.933
2.297 27.8656
2.298 27.7911
2.299 27.7098
2.3 27.6215
2.301 27.5263
2.302 27.4242
2.303 27.3152
2.304 27.1994
2.305 27.0768
2.306 26.9474
2.307 26.8113
2.308 26.6684
2.309 26.6565
2.31 26.6533
2.311 26.6435
2.312 26.6269
2.313 26.6037
2.314 26.5738
2.315 26.5372
2.316 26.494
2.317 26.4442
2.318 26.3877
2.319 26.3246
2.32 26.2549
2.321 26.1787
2.322 26.0958
2.323 26.0065
2.324 25.9185
2.325 25.8493
2.326 25.7736
2.327 25.6915
2.328 25.6029
2.329 25.5079
2.33 25.4065
2.331 25.2987
2.332 25.1845
2.333 25.064
2.334 24.9372
2.335 24.8042
2.336 24.6649
2.337 24.5195
2.338 24.3678
2.339 24.2101
2.34 24.0463
2.341 23.8764
2.342 23.7006
2.343 23.5187
2.344 23.331
2.345 23.1374
2.346 22.938
2.347 22.7329
2.348 22.522
2.349 22.3054
2.35 22.0833
2.351 21.8556
2.352 21.6224
2.353 21.3838
2.354 21.1398
2.355 20.8905
2.356 20.718
2.357 20.5714
2.358 20.4197
2.359 20.2627
2.36 20.1007
2.361 19.9679
2.362 19.8993
2.363 19.8257
2.364 19.7471
2.365 19.7486
2.366 19.8261
2.367 19.8985
2.368 19.9659
2.369 20.0323
2.37 20.2064
2.371 20.3755
2.372 20.5395
2.373 20.6983
2.374 20.8519
2.375 21.0002
2.376 21.1433
2.377 21.3765
2.378 21.6077
2.379 21.8334
2.38 22.0537
2.381 22.2684
2.382 22.4774
2.383 22.7592
2.384 23.0483
2.385 23.3318
2.386 23.6094
2.387 23.8811
2.388 24.1468
2.389 24.4066
2.39 24.6602
2.391 24.9077
2.392 25.149
2.393 25.384
2.394 25.6127
2.395 25.835
2.396 26.0509
2.397 26.2603
2.398 26.4631
2.399 26.6594
2.4 26.849
2.401 27.0319
2.402 27.2081
2.403 27.3775
2.404 27.5401
2.405 27.6958
2.406 27.8447
2.407 27.9866
2.408 28.1215
2.409 28.2495
2.41 28.3704
2.411 28.4843
2.412 28.591
2.413 28.6907
2.414 28.7832
2.415 28.8686
2.416 28.9468
2.417 29.0178
2.418 29.0816
2.419 29.1381
2.42 29.1875
2.421 29.2295
2.422 29.2643
2.423 29.2919
2.424 29.3121
2.425 29.3251
2.426 29.3308
2.427 29.3292
2.428 29.3204
2.429 29.3043
2.43 29.2809
2.431 29.2502
2.432 29.2123
2.433 29.1671
2.434 29.2146
2.435 29.2713
2.436 29.3206
2.437 29.3627
2.438 29.3976
2.439 29.4843
2.44 29.6008
2.441 29.71
2.442 29.8119
2.443 29.9064
2.444 29.9935
2.445 30.0731
2.446 30.1453
2.447 30.21
2.448 30.2673
2.449 30.3171
2.45 30.3593
2.451 30.3941
2.452 30.4213
2.453 30.4411
2.454 30.4533
2.455 30.4579
2.456 30.4551
2.457 30.4447
2.458 30.4268
2.459 30.4014
2.46 30.3685
2.461 30.3281
2.462 30.2802
2.463 30.2249
2.464 30.1621
2.465 30.0918
2.466 30.0142
2.467 29.9292
2.468 29.8367
2.469 29.737
2.47 29.6299
2.471 29.5156
2.472 29.394
2.473 29.2651
2.474 29.1291
2.475 28.9859
2.476 28.8356
2.477 28.6783
2.478 28.5139
2.479 28.3425
2.48 28.2114
2.481 28.1202
2.482 28.0223
2.483 27.9177
2.484 27.8065
2.485 27.6886
2.486 27.5643
2.487 27.4333
2.488 27.2959
2.489 27.152
2.49 27.0017
2.491 26.845
2.492 26.7701
2.493 26.7872
2.494 26.7981
2.495 26.8026
2.496 26.8008
2.497 26.7926
2.498 26.7782
2.499 26.7574
2.5 26.7304
2.501 26.6971
2.502 26.6574
2.503 26.6116
2.504 26.5594
2.505 26.5011
2.506 26.4365
2.507 26.3657
2.508 26.2888
2.509 26.2057
2.51 26.1164
2.511 26.0211
2.512 25.9196
2.513 25.8122
2.514 25.6986
2.515 25.5791
2.516 25.4537
2.517 25.3254
2.518 25.3067
2.519 25.2821
2.52 25.2529
2.521 25.2498
2.522 25.2409
2.523 25.2261
2.524 25.2054
2.525 25.179
2.526 25.1467
2.527 25.1086
2.528 25.0647
2.529 25.015
2.53 24.9596
2.531 24.8984
2.532 24.8315
2.533 24.7588
2.534 24.6804
2.535 24.5964
2.536 24.5067
2.537 24.4114
2.538 24.3104
2.539 24.2039
2.54 24.0918
2.541 23.9742
2.542 23.8511
2.543 23.7225
2.544 23.5884
2.545 23.449
2.546 23.3042
2.547 23.1541
2.548 22.9986
2.549 22.838
2.55 22.672
2.551 22.5009
2.552 22.3247
2.553 22.1434
2.554 22.0376
2.555 21.9591
2.556 21.8756
2.557 21.7871
2.558 21.6937
2.559 21.5953
2.56 21.492
2.561 21.3838
2.562 21.2708
2.563 21.1529
2.564 21.0301
2.565 20.9026
2.566 20.7703
2.567 20.6333
2.568 20.4916
2.569 20.4385
2.57 20.4034
2.571 20.3635
2.572 20.319
2.573 20.2699
2.574 20.2161
2.575 20.1576
2.576 20.0945
2.577 20.0269
2.578 19.9546
2.579 19.8777
2.58 19.7962
2.581 19.7102
2.582 19.6196
2.583 19.5246
2.584 19.425
2.585 19.3209
2.586 19.2124
2.587 19.0995
2.588 18.9821
2.589 18.8604
2.59 18.7343
2.591 18.6038
2.592 18.4691
2.593 18.3301
2.594 18.1869
2.595 18.0395
2.596 17.8879
2.597 17.7322
2.598 17.5723
2.599 17.4387
2.6 17.3497
2.601 17.2565
2.602 17.1592
2.603 17.0579
2.604 16.9526
2.605 16.8432
2.606 16.7299
2.607 16.6126
2.608 16.4914
2.609 16.3663
2.61 16.2374
2.611 16.1046
2.612 15.9681
2.613 15.8279
2.614 15.6839
2.615 15.5362
2.616 15.385
2.617 15.2301
2.618 15.0717
2.619 14.9098
2.62 14.7445
2.621 14.5757
2.622 14.4036
2.623 14.2281
2.624 14.0493
2.625 13.8673
2.626 13.6821
2.627 13.4938
2.628 13.3024
2.629 13.108
2.63 12.9105
2.631 12.7101
2.632 12.5748
2.633 12.4851
2.634 12.3926
2.635 12.2973
2.636 12.1992
2.637 12.0984
2.638 11.9949
2.639 11.8887
2.64 11.7799
2.641 11.6684
2.642 11.5543
2.643 11.4377
2.644 11.3185
2.645 11.1969
2.646 11.0727
2.647 10.9461
2.648 10.8171
2.649 10.6858
2.65 10.552
2.651 10.416
2.652 10.2777
2.653 10.1372
2.654 9.99447
2.655 9.84957
2.656 9.70254
2.657 9.55342
2.658 9.40224
2.659 9.24905
2.66 9.09387
2.661 8.93675
2.662 8.77772
2.663 8.61684
2.664 8.45412
2.665 8.28962
2.666 8.12338
2.667 7.95542
2.668 7.78581
2.669 7.61456
2.67 7.44174
2.671 7.26737
2.672 7.0915
2.673 6.91417
2.674 6.73542
2.675 6.5553
2.676 6.37384
2.677 6.1911
2.678 6.00711
2.679 5.82191
2.68 5.63555
2.681 5.44807
2.682 5.25952
2.683 5.06994
2.684 4.9186
2.685 4.80705
2.686 4.70798
2.687 4.68193
2.688 4.65494
2.689 4.63851
2.69 4.70269
2.691 4.7659
2.692 4.82813
2.693 4.88935
2.694 4.94954
2.695 5.0087
2.696 5.06678
2.697 5.12379
2.698 5.1797
2.699 5.28793
2.7 5.42705
2.701 5.56477
2.702 5.70107
2.703 5.8359
2.704 5.96923
2.705 6.10104
2.706 6.23128
2.707 6.35993
2.708 6.48695
2.709 6.61232
2.71 6.73599
2.711 6.85795
2.712 6.97815
2.713 7.09658
2.714 7.21319
2.715 7.32797
2.716 7.45038
2.717 7.68018
2.718 7.90802
2.719 8.13385
2.72 8.35761
2.721 8.57925
2.722 8.79871
2.723 9.01594
2.724 9.23089
2.725 9.4435
2.726 9.65371
2.727 9.86148
2.728 10.0668
2.729 10.2695
2.73 10.4696
2.731 10.6671
2.732 10.8619
2.733 11.054
2.734 11.2432
2.735 11.4297
2.736 11.6132
2.737 11.7938
2.738 11.9715
2.739 12.1461
2.74 12.3177
2.741 12.4862
2.742 12.7065
2.743 13.0361
2.744 13.3624
2.745 13.6854
2.746 14.005
2.747 14.321
2.748 14.6335
2.749 14.9424
2.75 15.2475
2.751 15.6086
2.752 16.0241
2.753 16.4356
2.754 16.8431
2.755 17.2463
2.756 17.6452
2.757 18.0397
2.758 18.4297
2.759 18.8151
2.76 19.1958
2.761 19.5717
2.762 19.9427
2.763 20.3088
2.764 20.6698
2.765 21.0257
2.766 21.3763
2.767 21.7216
2.768 22.0615
2.769 22.3959
2.77 22.7248
2.771 23.0479
2.772 23.3654
2.773 23.677
2.774 23.9828
2.775 24.2826
2.776 24.5763
2.777 24.864
2.778 25.1455
2.779 25.4207
2.78 25.6897
2.781 25.9522
2.782 26.2084
2.783 26.458
2.784 26.7011
2.785 26.9376
2.786 27.1674
2.787 27.3905
2.788 27.6068
2.789 27.8163
2.79 28.0189
2.791 28.2146
2.792 28.4033
2.793 28.585
2.794 28.7597
2.795 28.9273
2.796 29.0878
2.797 29.2411
2.798 29.3872
2.799 29.5261
2.8 29.6578
2.801 29.7822
2.802 29.8993
2.803 30.009
2.804 30.1115
2.805 30.2065
2.806 30.2942
2.807 30.3745
2.808 30.4474
2.809 30.5128
2.81 30.5709
2.811 30.6215
2.812 30.6647
2.813 30.7005
2.814 30.7288
2.815 30.7497
2.816 30.7632
2.817 30.7693
2.818 30.768
2.819 30.7593
2.82 30.7432
2.821 30.7198
2.822 30.7022
2.823 30.7596
2.824 30.8095
2.825 30.8522
2.826 30.8874
2.827 30.9154
2.828 30.936
2.829 30.9493
2.83 30.9553
2.831 30.954
2.832 30.9454
2.833 30.9296
2.834 30.9066
2.835 30.8764
2.836 30.839
2.837 30.8547
2.838 30.8796
2.839 30.8975
2.84 30.9083
2.841 30.912
2.842 30.9087
2.843 30.8984
2.844 30.8812
2.845 30.857
2.846 30.8259
2.847 30.788
2.848 30.7432
2.849 30.6917
2.85 30.6334
2.851 30.5684
2.852 30.4968
2.853 30.4185
2.854 30.3337
2.855 30.2424
2.856 30.1446
2.857 30.0404
2.858 29.9299
2.859 29.8131
2.86 29.6901
2.861 29.5609
2.862 29.4255
2.863 29.2842
2.864 29.1368
2.865 28.9835
2.866 28.8244
2.867 28.6594
2.868 28.4887
2.869 28.3123
2.87 28.1303
2.871 27.9428
2.872 27.7498
2.873 27.5514
2.874 27.3476
2.875 27.1385
2.876 26.9242
2.877 26.7047
2.878 26.4801
2.879 26.2505
2.88 26.0158
2.881 25.7763
2.882 25.5632
2.883 25.3937
2.884 25.2193
2.885 25.0403
2.886 24.8793
2.887 24.7843
2.888 24.6847
2.889 24.5805
2.89 24.4716
2.891 24.3582
2.892 24.2401
2.893 24.1175
2.894 23.9903
2.895 23.8585
2.896 23.7221
2.897 23.5812
2.898 23.4357
2.899 23.2857
2.9 23.1312
2.901 22.9722
2.902 22.8086
2.903 22.6406
2.904 22.468
2.905 22.3401
2.906 22.2245
2.907 22.1044
2.908 21.9799
2.909 21.851
2.91 21.7175
2.911 21.5797
2.912 21.4374
2.913 21.2906
2.914 21.1394
2.915 20.9838
2.916 20.8238
2.917 20.6594
2.918 20.4906
2.919 20.3174
2.92 20.1398
2.921 19.9579
2.922 19.8271
2.923 19.7184
2.924 19.6055
2.925 19.4882
2.926 19.3666
2.927 19.2408
2.928 19.1106
2.929 18.9762
2.93 18.8375
2.931 18.6946
2.932 18.5475
2.933 18.3962
2.934 18.2407
2.935 18.081
2.936 17.9172
2.937 17.7493
2.938 17.6422
2.939 17.5887
2.94 17.5793
2.941 17.637
2.942 17.7781
2.943 17.9501
2.944 18.1179
2.945 18.2816
2.946 18.4409
2.947 18.596
2.948 18.7467
2.949 18.893
2.95 19.1443
2.951 19.3996
2.952 19.6502
2.953 19.8961
2.954 20.1373
2.955 20.3894
2.956 20.6776
2.957 21.0553
2.958 21.4562
2.959 21.852
2.96 22.2425
2.961 22.6276
2.962 23.0072
2.963 23.3812
2.964 23.7495
2.965 24.112
2.966 24.4686
2.967 24.8193
2.968 25.1638
2.969 25.5023
2.97 25.8344
2.971 26.1602
2.972 26.4797
2.973 26.7926
2.974 27.0989
2.975 27.3985
2.976 27.6914
2.977 27.9775
2.978 28.2567
2.979 28.529
2.98 28.7942
2.981 29.0523
2.982 29.3032
2.983 29.5469
2.984 29.7832
2.985 30.0123
2.986 30.2339
2.987 30.448
2.988 30.6546
2.989 30.9111
2.99 31.2289
2.991 31.539
2.992 31.8414
2.993 32.1359
2.994 32.4224
2.995 32.7247
2.996 33.0877
2.997 33.4427
2.998 33.7893
2.999 34.1277
3 34.4577
3.001 34.7792
3.002 35.0921
3.003 35.4325
3.004 35.8173
3.005 36.1932
3.006 36.5602
3.007 36.9182
3.008 37.267
3.009 37.6067
3.01 37.9371
3.011 38.2582
3.012 38.5698
3.013 38.8719
3.014 39.1644
3.015 39.5142
3.016 39.8693
3.017 40.2146
3.018 40.5525
3.019 40.9718
3.02 41.3809
3.021 41.7799
3.022 42.1684
3.023 42.5466
3.024 42.9142
3.025 43.2712
3.026 43.6174
3.027 43.9529
3.028 44.2775
3.029 44.5912
3.03 44.8938
3.031 45.1853
3.032 45.4656
3.033 45.748
3.034 46.0762
3.035 46.3931
3.036 46.7683
3.037 47.1389
3.038 47.4977
3.039 47.8448
3.04 48.18
3.041 48.5033
3.042 48.8146
3.043 49.1137
3.044 49.4007
3.045 49.6754
3.046 49.9379
3.047 50.1879
3.048 50.4255
3.049 50.6506
3.05 50.8631
3.051 51.063
3.052 51.2502
3.053 51.4248
3.054 51.5866
3.055 51.7356
3.056 51.8717
3.057 51.995
3.058 52.1124
3.059 52.2386
3.06 52.3518
3.061 52.452
3.062 52.5392
3.063 52.6134
3.064 52.6746
3.065 52.7227
3.066 52.7577
3.067 52.7796
3.068 52.7885
3.069 52.7843
3.07 52.767
3.071 52.7366
3.072 52.6932
3.073 52.6367
3.074 52.5671
3.075 52.4846
3.076 52.389
3.077 52.2805
3.078 52.1589
3.079 52.0245
3.08 51.8772
3.081 51.717
3.082 51.5441
3.083 51.3583
3.084 51.1599
3.085 50.9487
3.086 50.725
3.087 50.4887
3.088 50.2399
3.089 49.9786
3.09 49.705
3.091 49.4191
3.092 49.1778
3.093 48.9429
3.094 48.696
3.095 48.4369
3.096 48.1659
3.097 47.883
3.098 47.5882
3.099 47.2817
3.1 46.9635
3.101 46.6336
3.102 46.2923
3.103 45.9395
3.104 45.5753
3.105 45.2089
3.106 44.8882
3.107 44.5564
3.108 44.2136
3.109 43.8831
3.11 43.6139
3.111 43.3339
3.112 43.0433
3.113 42.7419
3.114 42.4301
3.115 42.1077
3.116 41.7749
3.117 41.4318
3.118 41.0784
3.119 40.7149
3.12 40.3466
3.121 40.0449
3.122 39.7333
3.123 39.4119
3.124 39.0808
3.125 38.7401
3.126 38.3897
3.127 38.0299
3.128 37.6608
3.129 37.2823
3.13 36.8946
3.131 36.4978
3.132 36.0921
3.133 35.6774
3.134 35.254
3.135 34.8218
3.136 34.3811
3.137 33.9319
3.138 33.5116
3.139 33.1203
3.14 32.7209
3.141 32.3419
3.142 32.049
3.143 31.7481
3.144 31.4394
3.145 31.1229
3.146 30.7986
3.147 30.4667
3.148 30.1273
3.149 29.7804
3.15 29.4261
3.151 29.0645
3.152 28.6958
3.153 28.3199
3.154 27.9875
3.155 27.7003
3.156 27.4732
3.157 27.2489
3.158 27.0178
3.159 26.7801
3.16 26.5357
3.161 26.2848
3.162 26.0274
3.163 25.7635
3.164 25.4932
3.165 25.2167
3.166 24.9339
3.167 24.6449
3.168 24.3499
3.169 24.0488
3.17 23.7418
3.171 23.4289
3.172 23.1103
3.173 22.7859
3.174 22.4559
3.175 22.1203
3.176 21.7793
3.177 21.4329
3.178 21.0813
3.179 20.7244
3.18 20.3624
3.181 19.9954
3.182 19.6235
3.183 19.2467
3.184 18.8652
3.185 18.479
3.186 18.0883
3.187 17.6932
3.188 17.2937
3.189 16.8899
3.19 16.482
3.191 16.1932
3.192 15.9034
3.193 15.6097
3.194 15.3122
3.195 15.0108
3.196 14.7514
3.197 14.5354
3.198 14.3158
3.199 14.0926
3.2 13.866
3.201 13.72
3.202 13.5755
3.203 13.4278
3.204 13.2767
3.205 13.1224
3.206 12.9811
3.207 12.8917
3.208 12.7991
3.209 12.7034
3.21 12.6045
3.211 12.5026
3.212 12.4158
3.213 12.3899
3.214 12.3608
3.215 12.3288
3.216 12.2937
3.217 12.2557
3.218 12.2146
3.219 12.1705
3.22 12.1234
3.221 12.0734
3.222 12.0204
3.223 11.9645
3.224 11.9056
3.225 11.8438
3.226 11.7791
3.227 11.7116
3.228 11.6411
3.229 11.5679
3.23 11.4918
3.231 11.4129
3.232 11.356
3.233 11.3419
3.234 11.3251
3.235 11.3443
3.236 11.3633
3.237 11.3796
3.238 11.3932
3.239 11.4039
3.24 11.4119
3.241 11.4171
3.242 11.4195
3.243 11.4192
3.244 11.4161
3.245 11.4102
3.246 11.4015
3.247 11.3901
3.248 11.3759
3.249 11.359
3.25 11.3393
3.251 11.3168
3.252 11.2917
3.253 11.2638
3.254 11.2331
3.255 11.1998
3.256 11.1637
3.257 11.125
3.258 11.0836
3.259 11.0395
3.26 10.9928
3.261 10.9434
3.262 10.8914
3.263 10.8367
3.264 10.7795
3.265 10.7197
3.266 10.6573
3.267 10.5924
3.268 10.525
3.269 10.455
3.27 10.3826
3.271 10.3077
3.272 10.2303
3.273 10.1506
3.274 10.0684
3.275 9.98381
3.276 9.89689
3.277 9.80764
3.278 9.71607
3.279 9.62223
3.28 9.52613
3.281 9.4278
3.282 9.32727
3.283 9.22456
3.284 9.11971
3.285 9.01274
3.286 8.90368
3.287 8.79256
3.288 8.67942
3.289 8.56428
3.29 8.45896
3.291 8.4154
3.292 8.36992
3.293 8.32253
3.294 8.27325
3.295 8.22209
3.296 8.16907
3.297 8.1142
3.298 8.0575
3.299 7.99898
3.3 7.93867
3.301 7.87659
3.302 7.81274
3.303 7.74715
3.304 7.67983
3.305 7.61081
3.306 7.54011
3.307 7.46774
3.308 7.39372
3.309 7.31808
3.31 7.24084
3.311 7.16202
3.312 7.08163
3.313 6.99971
3.314 6.93041
3.315 6.93137
3.316 6.93058
3.317 6.92805
3.318 6.92376
3.319 6.91773
3.32 6.90996
3.321 6.90044
3.322 6.88918
3.323 6.87618
3.324 6.86145
3.325 6.84499
3.326 6.8268
3.327 6.80688
3.328 6.78525
3.329 6.76191
3.33 6.73686
3.331 6.71011
3.332 6.68167
3.333 6.65154
3.334 6.61973
3.335 6.68513
3.336 6.82175
3.337 6.95668
3.338 7.08987
3.339 7.22129
3.34 7.35092
3.341 7.47871
3.342 7.60464
3.343 7.72867
3.344 7.85078
3.345 7.97093
3.346 8.0891
3.347 8.20524
3.348 8.31934
3.349 8.43137
3.35 8.54129
3.351 8.64909
3.352 8.75472
3.353 8.85818
3.354 8.95942
3.355 9.05843
3.356 9.15517
3.357 9.24964
3.358 9.34179
3.359 9.43162
3.36 9.51909
3.361 9.60419
3.362 9.68688
3.363 9.76717
3.364 9.84501
3.365 9.9204
3.366 9.99331
3.367 10.0637
3.368 10.1316
3.369 10.197
3.37 10.2598
3.371 10.3201
3.372 10.3778
3.373 10.5335
3.374 10.7642
3.375 10.9923
3.376 11.2178
3.377 11.4405
3.378 11.6604
3.379 11.8775
3.38 12.0917
3.381 12.3029
3.382 12.5112
3.383 12.7164
3.384 12.9445
3.385 13.2417
3.386 13.5357
3.387 13.8263
3.388 14.1136
3.389 14.3974
3.39 14.6776
3.391 14.9543
3.392 15.2272
3.393 15.4965
3.394 15.7619
3.395 16.0234
3.396 16.281
3.397 16.5345
3.398 16.784
3.399 17.0294
3.4 17.2706
3.401 17.5075
3.402 17.7401
3.403 18.0239
3.404 18.3197
3.405 18.613
3.406 19.0563
3.407 19.495
3.408 19.9289
3.409 20.3578
3.41 20.7818
3.411 21.2007
3.412 21.6144
3.413 22.0228
3.414 22.4258
3.415 22.8232
3.416 23.2151
3.417 23.6012
3.418 23.9816
3.419 24.356
3.42 24.7244
3.421 25.0868
3.422 25.4429
3.423 25.7928
3.424 26.1364
3.425 26.5086
3.426 26.9132
3.427 27.3111
3.428 27.7024
3.429 28.0868
3.43 28.4644
3.431 28.8349
3.432 29.1984
3.433 29.5546
3.434 29.9036
3.435 30.279
3.436 30.6546
3.437 31.0227
3.438 31.3831
3.439 31.7357
3.44 32.0806
3.441 32.4175
3.442 32.7465
3.443 33.0673
3.444 33.38
3.445 33.6845
3.446 33.9806
3.447 34.2684
3.448 34.5477
3.449 34.8185
3.45 35.0806
3.451 35.3342
3.452 35.5789
3.453 35.8149
3.454 36.0421
3.455 36.2603
3.456 36.4696
3.457 36.6699
3.458 36.8611
3.459 37.0433
3.46 37.2162
3.461 37.38
3.462 37.5345
3.463 37.6797
3.464 37.8157
3.465 37.9423
3.466 38.0595
3.467 38.1673
3.468 38.2657
3.469 38.3546
3.47 38.434
3.471 38.504
3.472 38.5644
3.473 38.6153
3.474 38.6566
3.475 38.6884
3.476 38.7106
3.477 38.7233
3.478 38.7314
3.479 38.8045
3.48 38.8681
3.481 38.9221
3.482 38.9665
3.483 39.0013
3.484 39.0265
3.485 39.042
3.486 39.0479
3.487 39.0442
3.488 39.0309
3.489 39.0079
3.49 38.9753
3.491 38.9331
3.492 38.8813
3.493 38.8199
3.494 38.7489
3.495 38.6684
3.496 38.5784
3.497 38.4788
3.498 38.3698
3.499 38.2513
3.5 38.1233
3.501 37.986
3.502 37.8394
3.503 37.6834
3.504 37.5181
3.505 37.3436
3.506 37.16
3.507 36.9671
3.508 36.7652
3.509 36.5542
3.51 36.3343
3.511 36.1054
3.512 35.8677
3.513 35.6211
3.514 35.3658
3.515 35.1018
3.516 34.8291
3.517 34.548
3.518 34.2583
3.519 33.9603
3.52 33.6539
3.521 33.3393
3.522 33.0166
3.523 32.6857
3.524 32.3468
3.525 32.0001
3.526 31.6455
3.527 31.2832
3.528 30.9132
3.529 30.5358
3.53 30.1508
3.531 29.7585
3.532 29.359
3.533 28.9523
3.534 28.542
3.535 28.2931
3.536 28.0627
3.537 27.8776
3.538 27.6856
3.539 27.487
3.54 27.2817
3.541 27.0698
3.542 26.8513
3.543 26.6264
3.544 26.395
3.545 26.1572
3.546 25.9132
3.547 25.6628
3.548 25.4063
3.549 25.1437
3.55 24.8751
3.551 24.6005
3.552 24.32
3.553 24.0337
3.554 23.7416
3.555 23.4439
3.556 23.1406
3.557 22.8318
3.558 22.5176
3.559 22.1981
3.56 21.8733
3.561 21.5434
3.562 21.2084
3.563 20.8684
3.564 20.5235
3.565 20.1739
3.566 19.8195
3.567 19.4606
3.568 19.0971
3.569 18.7293
3.57 18.3571
3.571 17.9807
3.572 17.6003
3.573 17.2158
3.574 16.8275
3.575 16.6118
3.576 16.394
3.577 16.1725
3.578 15.9474
3.579 15.7186
3.58 15.4863
3.581 15.2505
3.582 15.0113
3.583 14.7688
3.584 14.523
3.585 14.3217
3.586 14.1568
3.587 13.9884
3.588 13.8165
3.589 13.6413
3.59 13.4627
3.591 13.2808
3.592 13.0985
3.593 12.9572
3.594 12.8128
3.595 12.6652
3.596 12.5145
3.597 12.3608
3.598 12.204
3.599 12.0442
3.6 11.8815
3.601 11.7158
3.602 11.5473
3.603 11.376
3.604 11.2018
3.605 11.1423
3.606 11.1193
3.607 11.0934
3.608 11.0649
3.609 11.0579
3.61 11.0492
3.611 11.0378
3.612 11.0237
3.613 11.0069
3.614 10.9874
3.615 10.9652
3.616 10.9403
3.617 10.9127
3.618 10.8825
3.619 10.8496
3.62 10.814
3.621 10.7758
3.622 10.735
3.623 10.6915
3.624 10.6454
3.625 10.5967
3.626 10.5553
3.627 10.5754
3.628 10.5928
3.629 10.6077
3.63 10.6199
3.631 10.6295
3.632 10.6364
3.633 10.6407
3.634 10.6424
3.635 10.6415
3.636 10.6379
3.637 10.6317
3.638 10.6229
3.639 10.6114
3.64 10.5973
3.641 10.5806
3.642 10.5613
3.643 10.5393
3.644 10.5148
3.645 10.4877
3.646 10.4579
3.647 10.4256
3.648 10.3907
3.649 10.3532
3.65 10.3132
3.651 10.2706
3.652 10.2255
3.653 10.1779
3.654 10.1277
3.655 10.075
3.656 10.0199
3.657 9.96225
3.658 9.90216
3.659 9.83962
3.66 9.77465
3.661 9.70727
3.662 9.63749
3.663 9.56533
3.664 9.49081
3.665 9.41395
3.666 9.33476
3.667 9.25327
3.668 9.16949
3.669 9.08345
3.67 8.99517
3.671 8.90467
3.672 8.81198
3.673 8.71711
3.674 8.62009
3.675 8.52095
3.676 8.41971
3.677 8.3164
3.678 8.21103
3.679 8.17799
3.68 8.14818
3.681 8.11636
3.682 8.08252
3.683 8.04667
3.684 8.00883
3.685 7.969
3.686 7.92719
3.687 7.88341
3.688 7.83768
3.689 7.79
3.69 7.74039
3.691 7.68886
3.692 7.63543
3.693 7.5801
3.694 7.52289
3.695 7.46381
3.696 7.40288
3.697 7.34012
3.698 7.27554
3.699 7.20915
3.7 7.14098
3.701 7.07104
3.702 6.99934
3.703 6.92591
3.704 6.85077
3.705 6.77392
3.706 6.6954
3.707 6.61523
3.708 6.53341
3.709 6.44998
3.71 6.36495
3.711 6.27834
3.712 6.19018
3.713 6.10049
3.714 6.09842
3.715 6.10014
3.716 6.10037
3.717 6.14309
3.718 6.25107
3.719 6.35751
3.72 6.46237
3.721 6.56564
3.722 6.66729
3.723 6.76729
3.724 6.86561
3.725 6.96224
3.726 7.05715
3.727 7.15031
3.728 7.2417
3.729 7.33131
3.73 7.4191
3.731 7.50505
3.732 7.58914
3.733 7.67136
3.734 7.75168
3.735 7.83443
3.736 7.98818
3.737 8.13994
3.738 8.28968
3.739 8.43736
3.74 8.58294
3.741 8.72638
3.742 8.86765
3.743 9.00671
3.744 9.14354
3.745 9.27809
3.746 9.41033
3.747 9.54022
3.748 9.66774
3.749 9.79286
3.75 9.91554
3.751 10.0357
3.752 10.1535
3.753 10.2686
3.754 10.3813
3.755 10.4913
3.756 10.5987
3.757 10.7035
3.758 10.8768
3.759 11.0958
3.76 11.312
3.761 11.5254
3.762 11.736
3.763 11.9437
3.764 12.1485
3.765 12.3503
3.766 12.549
3.767 12.8005
3.768 13.0735
3.769 13.3433
3.77 13.61
3.771 13.8733
3.772 14.1333
3.773 14.3898
3.774 14.6428
3.775 14.8923
3.776 15.1382
3.777 15.3804
3.778 15.6188
3.779 15.8535
3.78 16.0843
3.781 16.3112
3.782 16.5341
3.783 16.7529
3.784 16.9677
3.785 17.1784
3.786 17.3848
3.787 17.6654
3.788 17.957
3.789 18.2442
3.79 18.527
3.791 18.821
3.792 19.1417
3.793 19.4576
3.794 19.7689
3.795 20.0752
3.796 20.3767
3.797 20.6731
3.798 20.9645
3.799 21.2507
3.8 21.5318
3.801 21.8075
3.802 22.0778
3.803 22.3428
3.804 22.6022
3.805 22.8561
3.806 23.1044
3.807 23.347
3.808 23.5838
3.809 23.8149
3.81 24.055
3.811 24.2995
3.812 24.5381
3.813 24.7705
3.814 24.9969
3.815 25.2171
3.816 25.431
3.817 25.6387
3.818 25.8401
3.819 26.035
3.82 26.2236
3.821 26.4057
3.822 26.5812
3.823 26.7502
3.824 26.9126
3.825 27.0683
3.826 27.2173
3.827 27.3596
3.828 27.4952
3.829 27.6239
3.83 27.7459
3.831 27.8609
3.832 27.9691
3.833 28.0703
3.834 28.1647
3.835 28.252
3.836 28.3324
3.837 28.4057
3.838 28.4721
3.839 28.5313
3.84 28.5836
3.841 28.6287
3.842 28.6668
3.843 28.6978
3.844 28.7216
3.845 28.7384
3.846 28.7947
3.847 28.9423
3.848 29.0827
3.849 29.2158
3.85 29.3417
3.851 29.4603
3.852 29.5716
3.853 29.6756
3.854 29.7722
3.855 29.8613
3.856 29.9431
3.857 30.0175
3.858 30.0843
3.859 30.1438
3.86 30.1957
3.861 30.2401
3.862 30.277
3.863 30.3064
3.864 30.3283
3.865 30.3426
3.866 30.3494
3.867 30.3487
3.868 30.3404
3.869 30.3246
3.87 30.3013
3.871 30.2704
3.872 30.232
3.873 30.1861
3.874 30.1328
3.875 30.0719
3.876 30.0035
3.877 29.9278
3.878 29.8445
3.879 29.7539
3.88 29.6559
3.881 29.5505
3.882 29.4378
3.883 29.3178
3.884 29.1905
3.885 29.0559
3.886 28.9142
3.887 28.7652
3.888 28.6092
3.889 28.446
3.89 28.2757
3.891 28.0985
3.892 27.9143
3.893 27.7231
3.894 27.5251
3.895 27.3202
3.896 27.1086
3.897 26.8903
3.898 26.6652
3.899 26.4551
3.9 26.2898
3.901 26.118
3.902 25.9397
3.903 25.755
3.904 25.5639
3.905 25.3665
3.906 25.1628
3.907 24.9528
3.908 24.7367
3.909 24.5144
3.91 24.2861
3.911 24.0518
3.912 23.8115
3.913 23.5653
3.914 23.4132
3.915 23.3612
3.916 23.3035
3.917 23.2399
3.918 23.1707
3.919 23.0957
3.92 23.015
3.921 22.9287
3.922 22.9105
3.923 22.901
3.924 22.8859
3.925 22.8652
3.926 22.8388
3.927 22.8069
3.928 22.7693
3.929 22.7261
3.93 22.6774
3.931 22.6231
3.932 22.5633
3.933 22.4979
3.934 22.427
3.935 22.3506
3.936 22.2687
3.937 22.1814
3.938 22.0886
3.939 21.9904
3.94 21.8869
3.941 21.7779
3.942 21.6637
3.943 21.5441
3.944 21.4193
3.945 21.2893
3.946 21.154
3.947 21.0136
3.948 20.868
3.949 20.7174
3.95 20.5617
3.951 20.401
3.952 20.2353
3.953 20.0647
3.954 19.8892
3.955 19.7089
3.956 19.5237
3.957 19.3339
3.958 19.1435
3.959 19.0624
3.96 18.9765
3.961 18.886
3.962 18.7908
3.963 18.691
3.964 18.5866
3.965 18.4775
3.966 18.3639
3.967 18.2458
3.968 18.1231
3.969 18.0657
3.97 18.0859
3.971 18.1192
3.972 18.2117
3.973 18.2997
3.974 18.3832
3.975 18.4622
3.976 18.5365
3.977 18.6062
3.978 18.6714
3.979 18.7319
3.98 18.7877
3.981 18.8389
3.982 18.8854
3.983 18.9273
3.984 18.9644
3.985 19.0478
3.986 19.1693
3.987 19.286
3.988 19.3979
3.989 19.505
3.99 19.6072
3.991 19.7046
3.992 19.7971
3.993 19.8847
3.994 19.9674
3.995 20.0451
3.996 20.1178
3.997 20.1856
3.998 20.2483
3.999 20.306
4 20.3587
4.001 20.4063
4.002 20.4488
4.003 20.4863
4.004 20.5187
4.005 20.546
4.006 20.5681
4.007 20.5852
4.008 20.5972
4.009 20.6041
4.01 20.6058
4.011 20.6024
4.012 20.5939
4.013 20.5803
4.014 20.5616
4.015 20.5378
4.016 20.5088
4.017 20.4748
4.018 20.4357
4.019 20.3916
4.02 20.3423
4.021 20.288
4.022 20.2287
4.023 20.1643
4.024 20.095
4.025 20.0206
4.026 19.9413
4.027 19.857
4.028 19.7678
4.029 19.6737
4.03 19.5747
4.031 19.4708
4.032 19.3621
4.033 19.2486
4.034 19.1303
4.035 19.0072
4.036 18.8794
4.037 18.747
4.038 18.6099
4.039 18.4681
4.04 18.3218
4.041 18.171
4.042 18.0156
4.043 17.8557
4.044 17.7227
4.045 17.6986
4.046 17.6702
4.047 17.6374
4.048 17.6003
4.049 17.5588
4.05 17.5129
4.051 17.4628
4.052 17.4083
4.053 17.3494
4.054 17.2863
4.055 17.2189
4.056 17.1473
4.057 17.0714
4.058 16.9913
4.059 16.9069
4.06 16.8184
4.061 16.7258
4.062 16.629
4.063 16.528
4.064 16.423
4.065 16.314
4.066 16.2008
4.067 16.0837
4.068 15.9626
4.069 15.8376
4.07 15.7086
4.071 15.5758
4.072 15.4391
4.073 15.2986
4.074 15.1543
4.075 15.0063
4.076 14.8545
4.077 14.6991
4.078 14.5401
4.079 14.3775
4.08 14.2113
4.081 14.0416
4.082 13.8684
4.083 13.6919
4.084 13.5119
4.085 13.3286
4.086 13.142
4.087 12.9522
4.088 12.7592
4.089 12.563
4.09 12.3638
4.091 12.1615
4.092 11.9562
4.093 11.7479
4.094 11.5368
4.095 11.3228
4.096 11.1061
4.097 10.8866
4.098 10.7206
4.099 10.5687
4.1 10.4143
4.101 10.2572
4.102 10.0977
4.103 9.93562
4.104 9.77115
4.105 9.60428
4.106 9.43506
4.107 9.26352
4.108 9.08972
4.109 8.91369
4.11 8.73548
4.111 8.55514
4.112 8.3727
4.113 8.18821
4.114 8.00173
4.115 7.8133
4.116 7.62296
4.117 7.43076
4.118 7.23675
4.119 7.04098
4.12 6.8435
4.121 6.64435
4.122 6.5097
4.123 6.39549
4.124 6.27971
4.125 6.1624
4.126 6.04357
4.127 5.92327
4.128 5.80152
4.129 5.73212
4.13 5.69262
4.131 5.65171
4.132 5.60942
4.133 5.56575
4.134 5.52071
4.135 5.47431
4.136 5.42657
4.137 5.3775
4.138 5.3669
4.139 5.38747
4.14 5.40671
4.141 5.42463
4.142 5.44122
4.143 5.45647
4.144 5.47038
4.145 5.48295
4.146 5.49417
4.147 5.50404
4.148 5.51257
4.149 5.51973
4.15 5.52555
4.151 5.53
4.152 5.5331
4.153 5.53485
4.154 5.53523
4.155 5.53425
4.156 5.53192
4.157 5.52823
4.158 5.52319
4.159 5.51679
4.16 5.50903
4.161 5.49993
4.162 5.48947
4.163 5.47768
4.164 5.46453
4.165 5.45005
4.166 5.43424
4.167 5.41709
4.168 5.39861
4.169 5.4046
4.17 5.53519
4.171 5.6644
4.172 5.79218
4.173 5.91851
4.174 6.04335
4.175 6.16667
4.176 6.28844
4.177 6.40863
4.178 6.52721
4.179 6.64416
4.18 6.75943
4.181 6.87301
4.182 6.98486
4.183 7.09496
4.184 7.20327
4.185 7.30978
4.186 7.41445
4.187 7.51727
4.188 7.61819
4.189 7.71721
4.19 7.81428
4.191 7.9094
4.192 8.00253
4.193 8.09366
4.194 8.18275
4.195 8.26979
4.196 8.35476
4.197 8.43763
4.198 8.51838
4.199 8.597
4.2 8.67346
4.201 8.74775
4.202 8.81984
4.203 8.88972
4.204 8.95737
4.205 9.02278
4.206 9.08592
4.207 9.14678
4.208 9.20535
4.209 9.26161
4.21 9.31555
4.211 9.36716
4.212 9.41641
4.213 9.46331
4.214 9.50783
4.215 9.54997
4.216 9.58971
4.217 9.62705
4.218 9.66198
4.219 9.69449
4.22 9.72456
4.221 9.7522
4.222 9.77739
4.223 9.80014
4.224 9.82042
4.225 9.83825
4.226 9.91267
4.227 10.006
4.228 10.0968
4.229 10.185
4.23 10.2707
4.231 10.3539
4.232 10.4345
4.233 10.5124
4.234 10.5877
4.235 10.6604
4.236 10.7304
4.237 10.7978
4.238 10.8624
4.239 10.9243
4.24 10.9835
4.241 11.0399
4.242 11.0936
4.243 11.1445
4.244 11.1926
4.245 11.2379
4.246 11.2804
4.247 11.3201
4.248 11.3569
4.249 11.4734
4.25 11.6693
4.251 11.8623
4.252 12.0523
4.253 12.2394
4.254 12.4235
4.255 12.6045
4.256 12.7824
4.257 12.9571
4.258 13.1287
4.259 13.297
4.26 13.462
4.261 13.6237
4.262 13.782
4.263 13.9369
4.264 14.0884
4.265 14.2364
4.266 14.3809
4.267 14.5218
4.268 14.6591
4.269 14.815
4.27 15.0595
4.271 15.3004
4.272 15.5374
4.273 15.7706
4.274 15.9999
4.275 16.2253
4.276 16.4467
4.277 16.6639
4.278 16.8771
4.279 17.0861
4.28 17.2909
4.281 17.4913
4.282 17.6875
4.283 17.8793
4.284 18.0666
4.285 18.2495
4.286 18.4279
4.287 18.6017
4.288 18.7709
4.289 18.9354
4.29 19.0953
4.291 19.2504
4.292 19.4008
4.293 19.5463
4.294 19.687
4.295 19.8228
4.296 19.9538
4.297 20.0797
4.298 20.2007
4.299 20.3167
4.3 20.4276
4.301 20.5335
4.302 20.6343
4.303 20.73
4.304 20.8205
4.305 20.9059
4.306 20.9861
4.307 21.0611
4.308 21.1309
4.309 21.1954
4.31 21.2547
4.311 21.3087
4.312 21.3574
4.313 21.4008
4.314 21.4389
4.315 21.4717
4.316 21.4991
4.317 21.5213
4.318 21.538
4.319 21.5495
4.32 21.5556
4.321 21.5563
4.322 21.5517
4.323 21.5418
4.324 21.5308
4.325 21.5871
4.326 21.638
4.327 21.7297
4.328 21.9141
4.329 22.0931
4.33 22.2666
4.331 22.4346
4.332 22.597
4.333 22.8827
4.334 23.2356
4.335 23.5826
4.336 23.9238
4.337 24.3304
4.338 24.7318
4.339 25.1272
4.34 25.5162
4.341 25.899
4.342 26.2753
4.343 26.6451
4.344 27.0082
4.345 27.3647
4.346 27.7143
4.347 28.0571
4.348 28.3928
4.349 28.7216
4.35 29.0431
4.351 29.3575
4.352 29.6646
4.353 29.9642
4.354 30.2565
4.355 30.5412
4.356 30.8183
4.357 31.0877
4.358 31.3494
4.359 31.6033
4.36 31.8494
4.361 32.0875
4.362 32.3177
4.363 32.5398
4.364 32.7538
4.365 32.9597
4.366 33.1573
4.367 33.3467
4.368 33.5278
4.369 33.7006
4.37 33.865
4.371 34.021
4.372 34.1685
4.373 34.3074
4.374 34.4379
4.375 34.5598
4.376 34.6731
4.377 34.7777
4.378 34.8737
4.379 34.9611
4.38 35.0397
4.381 35.1096
4.382 35.1707
4.383 35.2232
4.384 35.2668
4.385 35.3017
4.386 35.3278
4.387 35.3451
4.388 35.3536
4.389 35.3533
4.39 35.3442
4.391 35.3263
4.392 35.3479
4.393 35.3653
4.394 35.3739
4.395 35.3737
4.396 35.3647
4.397 35.3468
4.398 35.3203
4.399 35.2849
4.4 35.2407
4.401 35.1878
4.402 35.1261
4.403 35.0557
4.404 34.9765
4.405 34.8887
4.406 34.7922
4.407 34.687
4.408 34.5732
4.409 34.4509
4.41 34.3199
4.411 34.1804
4.412 34.0324
4.413 33.876
4.414 33.7111
4.415 33.5379
4.416 33.3563
4.417 33.1664
4.418 32.9683
4.419 32.7619
4.42 32.5475
4.421 32.3249
4.422 32.0943
4.423 31.8558
4.424 31.6093
4.425 31.4062
4.426 31.2245
4.427 31.035
4.428 30.8378
4.429 30.633
4.43 30.4205
4.431 30.2004
4.432 29.9729
4.433 29.7379
4.434 29.4955
4.435 29.2458
4.436 28.9888
4.437 28.7247
4.438 28.4533
4.439 28.175
4.44 27.8896
4.441 27.5973
4.442 27.2981
4.443 26.9922
4.444 26.6795
4.445 26.3603
4.446 26.0345
4.447 25.7022
4.448 25.3636
4.449 25.0224
4.45 24.8359
4.451 24.6432
4.452 24.4443
4.453 24.2394
4.454 24.0284
4.455 23.8114
4.456 23.5884
4.457 23.3596
4.458 23.1249
4.459 22.8844
4.46 22.6383
4.461 22.3864
4.462 22.129
4.463 21.8661
4.464 21.5977
4.465 21.3239
4.466 21.0448
4.467 20.7604
4.468 20.4911
4.469 20.3109
4.47 20.1257
4.471 19.9354
4.472 19.7402
4.473 19.54
4.474 19.3349
4.475 19.1251
4.476 18.9104
4.477 18.691
4.478 18.4669
4.479 18.2382
4.48 18.005
4.481 17.7673
4.482 17.5251
4.483 17.2785
4.484 17.0277
4.485 16.7725
4.486 16.5132
4.487 16.2498
4.488 15.9823
4.489 15.7108
4.49 15.4354
4.491 15.1561
4.492 14.8731
4.493 14.5863
4.494 14.2959
4.495 14.0019
4.496 13.7639
4.497 13.5291
4.498 13.2909
4.499 13.0749
4.5 12.8911
4.501 12.7042
4.502 12.5141
4.503 12.3209
4.504 12.1247
4.505 11.9254
4.506 11.7232
4.507 11.5181
4.508 11.3102
4.509 11.0994
4.51 10.8859
4.511 10.6697
4.512 10.4509
4.513 10.2294
4.514 10.0055
4.515 9.77905
4.516 9.55021
4.517 9.31901
4.518 9.0855
4.519 8.84975
4.52 8.61182
4.521 8.37176
4.522 8.12963
4.523 7.8855
4.524 7.70734
4.525 7.56549
4.526 7.51579
4.527 7.46946
4.528 7.42129
4.529 7.37129
4.53 7.31947
4.531 7.26585
4.532 7.41037
4.533 7.55483
4.534 7.69743
4.535 7.83813
4.536 7.97689
4.537 8.11368
4.538 8.24847
4.539 8.38122
4.54 8.5119
4.541 8.64048
4.542 8.76692
4.543 8.8912
4.544 9.01327
4.545 9.13312
4.546 9.32183
4.547 9.56877
4.548 9.81336
4.549 10.0555
4.55 10.2952
4.551 10.5323
4.552 10.7668
4.553 10.9986
4.554 11.2277
4.555 11.4541
4.556 11.6776
4.557 11.8982
4.558 12.1158
4.559 12.3304
4.56 12.542
4.561 12.7505
4.562 12.9558
4.563 13.1579
4.564 13.3567
4.565 13.5522
4.566 13.7443
4.567 13.9331
4.568 14.1183
4.569 14.3001
4.57 14.4783
4.571 14.6529
4.572 14.8239
4.573 14.9912
4.574 15.1547
4.575 15.3145
4.576 15.4705
4.577 15.6226
4.578 15.7709
4.579 15.9152
4.58 16.0556
4.581 16.1919
4.582 16.3243
4.583 16.4526
4.584 16.5768
4.585 16.6969
4.586 16.8128
4.587 16.9245
4.588 17.0321
4.589 17.1353
4.59 17.2344
4.591 17.3586
4.592 17.5018
4.593 17.6406
4.594 17.775
4.595 17.905
4.596 18.0306
4.597 18.1516
4.598 18.2681
4.599 18.3801
4.6 18.4875
4.601 18.5902
4.602 18.6884
4.603 18.7819
4.604 18.8707
4.605 18.9548
4.606 19.0341
4.607 19.1088
4.608 19.1786
4.609 19.2437
4.61 19.304
4.611 19.3595
4.612 19.4101
4.613 19.456
4.614 19.4969
4.615 19.533
4.616 19.5642
4.617 19.5906
4.618 19.6121
4.619 19.6287
4.62 19.6403
4.621 19.6471
4.622 19.649
4.623 19.646
4.624 19.6381
4.625 19.6253
4.626 19.6076
4.627 19.585
4.628 19.5575
4.629 19.5252
4.63 19.488
4.631 19.4459
4.632 19.399
4.633 19.3472
4.634 19.2906
4.635 19.2292
4.636 19.1631
4.637 19.0921
4.638 19.0164
4.639 18.9359
4.64 18.8507
4.641 18.7608
4.642 18.6662
4.643 18.567
4.644 18.4631
4.645 18.3547
4.646 18.2417
4.647 18.1241
4.648 18.002
4.649 17.8754
4.65 17.7443
4.651 17.6089
4.652 17.469
4.653 17.3248
4.654 17.1762
4.655 17.0234
4.656 16.8664
4.657 16.7522
4.658 16.7408
4.659 16.7251
4.66 16.7053
4.661 16.6813
4.662 16.6532
4.663 16.6209
4.664 16.5845
4.665 16.544
4.666 16.5676
4.667 16.634
4.668 16.6962
4.669 16.7543
4.67 16.8083
4.671 16.8581
4.672 16.9404
4.673 17.065
4.674 17.1854
4.675 17.3385
4.676 17.5178
4.677 17.6927
4.678 17.8632
4.679 18.0293
4.68 18.191
4.681 18.3481
4.682 18.5007
4.683 18.6488
4.684 18.7922
4.685 18.9309
4.686 19.0769
4.687 19.2821
4.688 19.4826
4.689 19.6783
4.69 19.8692
4.691 20.0552
4.692 20.2362
4.693 20.4122
4.694 20.5833
4.695 20.7492
4.696 20.91
4.697 21.1256
4.698 21.4035
4.699 21.6761
4.7 21.9433
4.701 22.2051
4.702 22.4614
4.703 22.7122
4.704 22.9573
4.705 23.1968
4.706 23.4305
4.707 23.6584
4.708 23.8805
4.709 24.0966
4.71 24.3068
4.711 24.511
4.712 24.7091
4.713 24.901
4.714 25.0868
4.715 25.2664
4.716 25.4398
4.717 25.6068
4.718 25.7675
4.719 25.9218
4.72 26.0696
4.721 26.2111
4.722 26.346
4.723 26.4744
4.724 26.6201
4.725 26.8046
4.726 26.9824
4.727 27.1536
4.728 27.3181
4.729 27.4757
4.73 27.6266
4.731 27.7706
4.732 27.9077
4.733 28.0379
4.734 28.1612
4.735 28.2774
4.736 28.3867
4.737 28.4889
4.738 28.584
4.739 28.672
4.74 28.753
4.741 28.8268
4.742 28.8934
4.743 28.9529
4.744 29.0052
4.745 29.1748
4.746 29.3445
4.747 29.5068
4.748 29.6619
4.749 29.8096
4.75 29.9499
4.751 30.0828
4.752 30.2082
4.753 30.3261
4.754 30.4365
4.755 30.5393
4.756 30.6345
4.757 30.7222
4.758 30.8022
4.759 30.8746
4.76 30.9393
4.761 30.9964
4.762 31.0457
4.763 31.0873
4.764 31.1213
4.765 31.1475
4.766 31.1659
4.767 31.1767
4.768 31.1797
4.769 31.1749
4.77 31.1624
4.771 31.1422
4.772 31.1143
4.773 31.0786
4.774 31.0352
4.775 30.9841
4.776 30.9254
4.777 30.8589
4.778 30.7848
4.779 30.7031
4.78 30.6137
4.781 30.5167
4.782 30.4122
4.783 30.3001
4.784 30.1805
4.785 30.0534
4.786 29.9188
4.787 29.7769
4.788 29.6275
4.789 29.4708
4.79 29.3068
4.791 29.1355
4.792 28.9569
4.793 28.7712
4.794 28.5784
4.795 28.3785
4.796 28.1715
4.797 27.9575
4.798 27.7367
4.799 27.5089
4.8 27.361
4.801 27.2989
4.802 27.2301
4.803 27.1545
4.804 27.0722
4.805 26.9832
4.806 26.8875
4.807 26.7851
4.808 26.6762
4.809 26.6148
4.81 26.6174
4.811 26.6133
4.812 26.6027
4.813 26.5855
4.814 26.5616
4.815 26.5313
4.816 26.4943
4.817 26.4508
4.818 26.4007
4.819 26.3442
4.82 26.281
4.821 26.2114
4.822 26.1353
4.823 26.0528
4.824 25.9637
4.825 25.8683
4.826 25.7664
4.827 25.6582
4.828 25.5437
4.829 25.4228
4.83 25.2956
4.831 25.1622
4.832 25.0225
4.833 24.8766
4.834 24.7246
4.835 24.5665
4.836 24.4023
4.837 24.2321
4.838 24.0559
4.839 23.8737
4.84 23.6857
4.841 23.4917
4.842 23.292
4.843 23.0865
4.844 22.8753
4.845 22.6585
4.846 22.4361
4.847 22.2081
4.848 21.9746
4.849 21.7358
4.85 21.4915
4.851 21.242
4.852 20.9872
4.853 20.7272
4.854 20.4621
4.855 20.192
4.856 20.0243
4.857 19.8982
4.858 19.7672
4.859 19.6313
4.86 19.4906
4.861 19.3451
4.862 19.1948
4.863 19.0398
4.864 18.88
4.865 18.7157
4.866 18.5467
4.867 18.4799
4.868 18.4169
4.869 18.3493
4.87 18.2772
4.871 18.2761
4.872 18.2781
4.873 18.2755
4.874 18.2946
4.875 18.3848
4.876 18.5826
4.877 18.7758
4.878 18.9644
4.879 19.1483
4.88 19.3274
4.881 19.5018
4.882 19.6713
4.883 19.836
4.884 19.9958
4.885 20.1506
4.886 20.3005
4.887 20.4453
4.888 20.6149
4.889 20.8255
4.89 21.0308
4.891 21.231
4.892 21.4258
4.893 21.6153
4.894 21.7994
4.895 21.9781
4.896 22.1513
4.897 22.3191
4.898 22.4812
4.899 22.6378
4.9 22.7887
4.901 22.9339
4.902 23.0735
4.903 23.2073
4.904 23.3353
4.905 23.4575
4.906 23.5739
4.907 23.6843
4.908 23.7889
4.909 23.8876
4.91 23.9803
4.911 24.0671
4.912 24.2037
4.913 24.3947
4.914 24.5796
4.915 24.7584
4.916 24.931
4.917 25.0974
4.918 25.2575
4.919 25.4114
4.92 25.5589
4.921 25.7
4.922 25.8347
4.923 25.9629
4.924 26.0847
4.925 26.2
4.926 26.3087
4.927 26.4109
4.928 26.5236
4.929 26.663
4.93 26.7959
4.931 26.922
4.932 27.0415
4.933 27.1543
4.934 27.2603
4.935 27.3596
4.936 27.452
4.937 27.5377
4.938 27.6165
4.939 27.7862
4.94 28.0037
4.941 28.2142
4.942 28.4177
4.943 28.6141
4.944 28.8034
4.945 28.9856
4.946 29.1605
4.947 29.3282
4.948 29.4885
4.949 29.6415
4.95 29.7872
4.951 29.9254
4.952 30.0562
4.953 30.1794
4.954 30.2952
4.955 30.4034
4.956 30.5041
4.957 30.5971
4.958 30.6826
4.959 30.7604
4.96 30.8305
4.961 30.893
4.962 30.9477
4.963 30.9948
4.964 31.0341
4.965 31.0657
4.966 31.0896
4.967 31.1057
4.968 31.1141
4.969 31.1147
4.97 31.1076
4.971 31.0927
4.972 31.0701
4.973 31.0397
4.974 31.0016
4.975 30.9558
4.976 30.9023
4.977 30.8411
4.978 30.7722
4.979 30.6956
4.98 30.6114
4.981 30.5196
4.982 30.4202
4.983 30.3131
4.984 30.1986
4.985 30.0765
4.986 29.9469
4.987 29.8099
4.988 29.6654
4.989 29.5136
4.99 29.3544
4.991 29.1912
4.992 29.0731
4.993 28.9478
4.994 28.8154
4.995 28.6757
4.996 28.529
4.997 28.3752
4.998 28.2143
4.999 28.1954
