0 1406.8
0.001 1406.73
0.002 1406.62
0.003 1406.48
0.004 1406.31
0.005 1406.11
0.006 1405.87
0.007 1405.6
0.008 1405.29
0.009 1404.95
0.01 1404.57
0.011 1404.16
0.012 1403.7
0.013 1403.21
0.014 1402.67
0.015 1402.09
0.016 1401.46
0.017 1400.79
0.018 1400.06
0.019 1399.29
0.02 1398.45
0.021 1397.56
0.022 1396.61
0.023 1395.6
0.024 1394.52
0.025 1393.37
0.026 1392.14
0.027 1390.84
0.028 1389.45
0.029 1387.98
0.03 1386.42
0.031 1384.76
0.032 1383
0.033 1381.13
0.034 1379.16
0.035 1377.06
0.036 1374.84
0.037 1372.49
0.038 1370.01
0.039 1367.38
0.04 1364.6
0.041 1361.66
0.042 1358.56
0.043 1355.28
0.044 1351.82
0.045 1348.18
0.046 1344.34
0.047 1340.29
0.048 1336.04
0.049 1331.56
0.05 1326.86
0.051 1321.91
0.052 1316.73
0.053 1311.3
0.054 1305.62
0.055 1299.67
0.056 1293.46
0.057 1286.98
0.058 1280.23
0.059 1273.22
0.06 1265.93
0.061 1258.38
0.062 1250.57
0.063 1242.5
0.064 1234.19
0.065 1225.65
0.066 1216.89
0.067 1207.93
0.068 1198.79
0.069 1189.5
0.07 1180.07
0.071 1170.53
0.072 1160.93
0.073 1151.27
0.074 1141.61
0.075 1131.97
0.076 1122.39
0.077 1112.91
0.078 1103.55
0.079 1094.35
0.08 1085.34
0.081 1076.56
0.082 1068.03
0.083 1059.77
0.084 1051.82
0.085 1044.18
0.086 1036.88
0.087 1029.94
0.088 1023.36
0.089 1017.15
0.09 1011.33
0.091 1005.89
0.092 1000.83
0.093 996.171
0.094 991.894
0.095 988.003
0.096 984.491
0.097 981.353
0.098 978.582
0.099 976.17
0.1 974.107
0.101 972.383
0.102 970.987
0.103 969.907
0.104 969.13
0.105 968.642
0.106 968.429
0.107 968.478
0.108 968.772
0.109 969.297
0.11 970.036
0.111 970.975
0.112 972.096
0.113 973.383
0.114 974.821
0.115 976.392
0.116 978.08
0.117 979.869
0.118 981.743
0.119 983.686
0.12 985.682
0.121 987.716
0.122 989.773
0.123 991.84
0.124 993.904
0.125 995.952
0.126 997.974
0.127 999.96
0.128 1001.9
0.129 1003.79
0.13 1005.63
0.131 1007.41
0.132 1009.14
0.133 1010.81
0.134 1012.43
0.135 1014.01
0.136 1015.56
0.137 1017.09
0.138 1018.61
0.139 1020.15
0.14 1021.71
0.141 1023.32
0.142 1024.99
0.143 1026.74
0.144 1028.59
0.145 1030.56
0.146 1032.65
0.147 1034.89
0.148 1037.26
0.149 1039.79
0.15 1042.47
0.151 1045.29
0.152 1048.25
0.153 1051.34
0.154 1054.55
0.155 1057.85
0.156 1061.24
0.157 1064.68
0.158 1068.18
0.159 1071.69
0.16 1075.21
0.161 1078.72
0.162 1082.2
0.163 1085.63
0.164 1088.99
0.165 1092.28
0.166 1095.49
0.167 1098.61
0.168 1101.62
0.169 1104.53
0.17 1107.33
0.171 1110.02
0.172 1112.6
0.173 1115.07
0.174 1117.43
0.175 1119.68
0.176 1121.83
0.177 1123.88
0.178 1125.83
0.179 1127.69
0.18 1129.47
0.181 1131.16
0.182 1132.77
0.183 1134.31
0.184 1135.78
0.185 1137.18
0.186 1138.51
0.187 1139.79
0.188 1141.01
0.189 1142.17
0.19 1143.28
0.191 1144.35
0.192 1145.36
0.193 1146.34
0.194 1147.27
0.195 1148.16
0.196 1149.01
0.197 1149.82
0.198 1150.61
0.199 1151.36
0.2 1152.08
0.201 1152.78
0.202 1153.45
0.203 1154.1
0.204 1154.73
0.205 1155.34
0.206 1155.94
0.207 1156.52
0.208 1157.1
0.209 1157.67
0.21 1158.23
0.211 1158.79
0.212 1159.36
0.213 1159.92
0.214 1160.5
0.215 1161.08
0.216 1161.67
0.217 1162.27
0.218 1162.89
0.219 1163.52
0.22 1164.17
0.221 1164.83
0.222 1165.51
0.223 1166.2
0.224 1166.91
0.225 1167.63
0.226 1168.36
0.227 1169.1
0.228 1169.85
0.229 1170.59
0.23 1171.34
0.231 1172.08
0.232 1172.81
0.233 1173.53
0.234 1174.23
0.235 1174.92
0.236 1175.57
0.237 1176.2
0.238 1176.79
0.239 1177.34
0.24 1177.86
0.241 1178.33
0.242 1178.75
0.243 1179.13
0.244 1179.46
0.245 1179.74
0.246 1179.96
0.247 1180.14
0.248 1180.26
0.249 1180.33
0.25 1180.34
0.251 1180.31
0.252 1180.23
0.253 1180.09
0.254 1179.92
0.255 1179.69
0.256 1179.43
0.257 1179.13
0.258 1178.79
0.259 1178.42
0.26 1178.02
0.261 1177.59
0.262 1177.14
0.263 1176.67
0.264 1176.19
0.265 1175.69
0.266 1175.19
0.267 1174.69
0.268 1174.18
0.269 1173.68
0.27 1173.19
0.271 1172.71
0.272 1172.25
0.273 1171.81
0.274 1171.39
0.275 1171
0.276 1170.64
0.277 1170.31
0.278 1170.01
0.279 1169.76
0.28 1169.55
0.281 1169.38
0.282 1169.25
0.283 1169.17
0.284 1169.13
0.285 1169.15
0.286 1169.21
0.287 1169.31
0.288 1169.47
0.289 1169.67
0.29 1169.91
0.291 1170.2
0.292 1170.53
0.293 1170.89
0.294 1171.3
0.295 1171.73
0.296 1172.2
0.297 1172.69
0.298 1173.21
0.299 1173.76
0.3 1174.31
0.301 1174.89
0.302 1175.47
0.303 1176.06
0.304 1176.65
0.305 1177.24
0.306 1177.83
0.307 1178.42
0.308 1178.99
0.309 1179.55
0.31 1180.09
0.311 1180.62
0.312 1181.13
0.313 1181.61
0.314 1182.07
0.315 1182.51
0.316 1182.91
0.317 1183.29
0.318 1183.64
0.319 1183.96
0.32 1184.24
0.321 1184.5
0.322 1184.73
0.323 1184.93
0.324 1185.1
0.325 1185.24
0.326 1185.35
0.327 1185.45
0.328 1185.52
0.329 1185.57
0.33 1185.6
0.331 1185.61
0.332 1185.62
0.333 1185.61
0.334 1185.59
0.335 1185.58
0.336 1185.55
0.337 1185.53
0.338 1185.52
0.339 1185.5
0.34 1185.5
0.341 1185.5
0.342 1185.52
0.343 1185.54
0.344 1185.58
0.345 1185.64
0.346 1185.7
0.347 1185.78
0.348 1185.88
0.349 1185.98
0.35 1186.1
0.351 1186.23
0.352 1186.36
0.353 1186.51
0.354 1186.66
0.355 1186.81
0.356 1186.97
0.357 1187.13
0.358 1187.29
0.359 1187.45
0.36 1187.6
0.361 1187.75
0.362 1187.89
0.363 1188.02
0.364 1188.14
0.365 1188.26
0.366 1188.36
0.367 1188.46
0.368 1188.54
0.369 1188.61
0.37 1188.66
0.371 1188.71
0.372 1188.74
0.373 1188.75
0.374 1188.75
0.375 1188.74
0.376 1188.72
0.377 1188.68
0.378 1188.62
0.379 1188.55
0.38 1188.47
0.381 1188.37
0.382 1188.26
0.383 1188.14
0.384 1188
0.385 1187.84
0.386 1187.67
0.387 1187.48
0.388 1187.27
0.389 1187.05
0.39 1186.82
0.391 1186.56
0.392 1186.29
0.393 1185.99
0.394 1185.68
0.395 1185.35
0.396 1185
0.397 1184.63
0.398 1184.24
0.399 1183.82
0.4 1183.39
0.401 1182.93
0.402 1182.45
0.403 1181.94
0.404 1181.42
0.405 1180.86
0.406 1180.29
0.407 1179.67
0.408 1179.03
0.409 1178.36
0.41 1177.65
0.411 1176.91
0.412 1176.14
0.413 1175.34
0.414 1174.51
0.415 1173.64
0.416 1172.75
0.417 1171.83
0.418 1170.87
0.419 1169.89
0.42 1168.88
0.421 1167.84
0.422 1166.78
0.423 1165.69
0.424 1164.58
0.425 1163.44
0.426 1162.27
0.427 1161.09
0.428 1159.88
0.429 1158.65
0.43 1157.41
0.431 1156.15
0.432 1154.87
0.433 1153.58
0.434 1152.27
0.435 1150.96
0.436 1149.64
0.437 1148.32
0.438 1146.99
0.439 1145.67
0.44 1144.35
0.441 1143.04
0.442 1141.74
0.443 1140.46
0.444 1139.2
0.445 1137.96
0.446 1136.76
0.447 1135.59
0.448 1134.45
0.449 1133.36
0.45 1132.32
0.451 1131.33
0.452 1130.4
0.453 1129.53
0.454 1128.72
0.455 1127.99
0.456 1127.32
0.457 1126.74
0.458 1126.22
0.459 1125.79
0.46 1125.43
0.461 1125.15
0.462 1124.95
0.463 1124.83
0.464 1124.78
0.465 1124.8
0.466 1124.89
0.467 1125.04
0.468 1125.26
0.469 1125.53
0.47 1125.85
0.471 1126.22
0.472 1126.63
0.473 1127.07
0.474 1127.55
0.475 1128.05
0.476 1128.58
0.477 1129.12
0.478 1129.67
0.479 1130.23
0.48 1130.8
0.481 1131.37
0.482 1131.94
0.483 1132.51
0.484 1133.07
0.485 1133.62
0.486 1134.16
0.487 1134.69
0.488 1135.2
0.489 1135.7
0.49 1136.19
0.491 1136.67
0.492 1137.12
0.493 1137.56
0.494 1137.99
0.495 1138.4
0.496 1138.79
0.497 1139.17
0.498 1139.53
0.499 1139.87
0.5 1140.2
0.501 1140.52
0.502 1140.82
0.503 1141.11
0.504 1141.38
0.505 1141.64
0.506 1141.89
0.507 1142.13
0.508 1142.36
0.509 1142.57
0.51 1142.78
0.511 1142.98
0.512 1143.16
0.513 1143.34
0.514 1143.51
0.515 1143.68
0.516 1143.84
0.517 1143.99
0.518 1144.14
0.519 1144.29
0.52 1144.43
0.521 1144.56
0.522 1144.7
0.523 1144.83
0.524 1144.96
0.525 1145.09
0.526 1145.22
0.527 1145.35
0.528 1145.48
0.529 1145.61
0.53 1145.74
0.531 1145.87
0.532 1146
0.533 1146.14
0.534 1146.28
0.535 1146.42
0.536 1146.56
0.537 1146.71
0.538 1146.86
0.539 1147.02
0.54 1147.17
0.541 1147.33
0.542 1147.5
0.543 1147.67
0.544 1147.84
0.545 1148.01
0.546 1148.19
0.547 1148.37
0.548 1148.55
0.549 1148.73
0.55 1148.92
0.551 1149.11
0.552 1149.3
0.553 1149.49
0.554 1149.69
0.555 1149.88
0.556 1150.08
0.557 1150.27
0.558 1150.47
0.559 1150.66
0.56 1150.86
0.561 1151.05
0.562 1151.24
0.563 1151.43
0.564 1151.62
0.565 1151.81
0.566 1151.99
0.567 1152.18
0.568 1152.35
0.569 1152.53
0.57 1152.7
0.571 1152.87
0.572 1153.03
0.573 1153.19
0.574 1153.34
0.575 1153.49
0.576 1153.63
0.577 1153.77
0.578 1153.9
0.579 1154.03
0.58 1154.15
0.581 1154.26
0.582 1154.37
0.583 1154.47
0.584 1154.56
0.585 1154.65
0.586 1154.72
0.587 1154.79
0.588 1154.85
0.589 1154.91
0.59 1154.95
0.591 1154.99
0.592 1155.02
0.593 1155.03
0.594 1155.04
0.595 1155.04
0.596 1155.03
0.597 1155.01
0.598 1154.98
0.599 1154.94
0.6 1154.89
0.601 1154.83
0.602 1154.76
0.603 1154.68
0.604 1154.59
0.605 1154.49
0.606 1154.38
0.607 1154.28
0.608 1154.17
0.609 1154.06
0.61 1153.94
0.611 1153.82
0.612 1153.7
0.613 1153.57
0.614 1153.44
0.615 1153.31
0.616 1153.17
0.617 1153.02
0.618 1152.88
0.619 1152.72
0.62 1152.57
0.621 1152.41
0.622 1152.24
0.623 1152.07
0.624 1151.89
0.625 1151.71
0.626 1151.53
0.627 1151.34
0.628 1151.14
0.629 1150.94
0.63 1150.73
0.631 1150.52
0.632 1150.31
0.633 1150.08
0.634 1149.86
0.635 1149.63
0.636 1149.39
0.637 1149.15
0.638 1148.9
0.639 1148.65
0.64 1148.39
0.641 1148.13
0.642 1147.87
0.643 1147.6
0.644 1147.32
0.645 1147.04
0.646 1146.76
0.647 1146.47
0.648 1146.18
0.649 1145.88
0.65 1145.58
0.651 1145.28
0.652 1144.97
0.653 1144.66
0.654 1144.34
0.655 1144.02
0.656 1143.7
0.657 1143.38
0.658 1143.05
0.659 1142.72
0.66 1142.39
0.661 1142.05
0.662 1141.71
0.663 1141.38
0.664 1141.03
0.665 1140.69
0.666 1140.35
0.667 1140
0.668 1139.66
0.669 1139.31
0.67 1138.96
0.671 1138.62
0.672 1138.27
0.673 1137.92
0.674 1137.57
0.675 1137.22
0.676 1136.88
0.677 1136.53
0.678 1136.18
0.679 1135.84
0.68 1135.5
0.681 1135.15
0.682 1134.81
0.683 1134.47
0.684 1134.13
0.685 1133.8
0.686 1133.46
0.687 1133.13
0.688 1132.8
0.689 1132.47
0.69 1132.14
0.691 1131.82
0.692 1131.49
0.693 1131.17
0.694 1130.85
0.695 1130.54
0.696 1130.22
0.697 1129.91
0.698 1129.6
0.699 1129.29
0.7 1128.99
0.701 1128.68
0.702 1128.38
0.703 1128.08
0.704 1127.79
0.705 1127.49
0.706 1127.2
0.707 1126.9
0.708 1126.61
0.709 1126.32
0.71 1126.03
0.711 1125.75
0.712 1125.46
0.713 1125.18
0.714 1124.89
0.715 1124.61
0.716 1124.33
0.717 1124.05
0.718 1123.77
0.719 1123.49
0.72 1123.21
0.721 1122.93
0.722 1122.65
0.723 1122.37
0.724 1122.1
0.725 1121.82
0.726 1121.55
0.727 1121.27
0.728 1121
0.729 1120.72
0.73 1120.45
0.731 1120.18
0.732 1119.91
0.733 1119.64
0.734 1119.37
0.735 1119.1
0.736 1118.83
0.737 1118.56
0.738 1118.3
0.739 1118.04
0.74 1117.77
0.741 1117.51
0.742 1117.25
0.743 1116.99
0.744 1116.74
0.745 1116.48
0.746 1116.23
0.747 1115.98
0.748 1115.73
0.749 1115.49
0.75 1115.24
0.751 1115
0.752 1114.76
0.753 1114.52
0.754 1114.28
0.755 1114.05
0.756 1113.82
0.757 1113.59
0.758 1113.37
0.759 1113.14
0.76 1112.91
0.761 1112.68
0.762 1112.44
0.763 1112.19
0.764 1111.94
0.765 1111.68
0.766 1111.42
0.767 1111.15
0.768 1110.87
0.769 1110.58
0.77 1110.29
0.771 1110
0.772 1109.7
0.773 1109.39
0.774 1109.08
0.775 1108.77
0.776 1108.45
0.777 1108.13
0.778 1107.81
0.779 1107.49
0.78 1107.16
0.781 1106.84
0.782 1106.52
0.783 1106.19
0.784 1105.87
0.785 1105.55
0.786 1105.24
0.787 1104.92
0.788 1104.61
0.789 1104.31
0.79 1104.01
0.791 1103.71
0.792 1103.42
0.793 1103.13
0.794 1102.86
0.795 1102.58
0.796 1102.32
0.797 1102.06
0.798 1101.81
0.799 1101.56
0.8 1101.32
0.801 1101.09
0.802 1100.86
0.803 1100.64
0.804 1100.43
0.805 1100.22
0.806 1100.02
0.807 1099.82
0.808 1099.62
0.809 1099.43
0.81 1099.25
0.811 1099.06
0.812 1098.89
0.813 1098.71
0.814 1098.53
0.815 1098.36
0.816 1098.19
0.817 1098.02
0.818 1097.85
0.819 1097.69
0.82 1097.52
0.821 1097.36
0.822 1097.19
0.823 1097.02
0.824 1096.86
0.825 1096.69
0.826 1096.53
0.827 1096.36
0.828 1096.2
0.829 1096.03
0.83 1095.86
0.831 1095.7
0.832 1095.53
0.833 1095.37
0.834 1095.2
0.835 1095.04
0.836 1094.87
0.837 1094.71
0.838 1094.55
0.839 1094.39
0.84 1094.23
0.841 1094.07
0.842 1093.92
0.843 1093.77
0.844 1093.61
0.845 1093.47
0.846 1093.32
0.847 1093.18
0.848 1093.04
0.849 1092.91
0.85 1092.78
0.851 1092.65
0.852 1092.53
0.853 1092.42
0.854 1092.3
0.855 1092.2
0.856 1092.09
0.857 1092
0.858 1091.91
0.859 1091.82
0.86 1091.74
0.861 1091.66
0.862 1091.6
0.863 1091.53
0.864 1091.48
0.865 1091.43
0.866 1091.38
0.867 1091.35
0.868 1091.31
0.869 1091.29
0.87 1091.27
0.871 1091.26
0.872 1091.26
0.873 1091.26
0.874 1091.26
0.875 1091.28
0.876 1091.3
0.877 1091.33
0.878 1091.36
0.879 1091.4
0.88 1091.44
0.881 1091.49
0.882 1091.55
0.883 1091.61
0.884 1091.68
0.885 1091.75
0.886 1091.83
0.887 1091.92
0.888 1092
0.889 1092.1
0.89 1092.2
0.891 1092.3
0.892 1092.4
0.893 1092.51
0.894 1092.63
0.895 1092.74
0.896 1092.86
0.897 1092.98
0.898 1093.11
0.899 1093.24
0.9 1093.37
0.901 1093.5
0.902 1093.63
0.903 1093.77
0.904 1093.91
0.905 1094.04
0.906 1094.18
0.907 1094.32
0.908 1094.46
0.909 1094.6
0.91 1094.74
0.911 1094.88
0.912 1095.01
0.913 1095.15
0.914 1095.29
0.915 1095.42
0.916 1095.55
0.917 1095.69
0.918 1095.81
0.919 1095.94
0.92 1096.07
0.921 1096.19
0.922 1096.31
0.923 1096.42
0.924 1096.54
0.925 1096.65
0.926 1096.75
0.927 1096.86
0.928 1096.95
0.929 1097.05
0.93 1097.14
0.931 1097.23
0.932 1097.31
0.933 1097.39
0.934 1097.46
0.935 1097.53
0.936 1097.6
0.937 1097.66
0.938 1097.71
0.939 1097.76
0.94 1097.81
0.941 1097.84
0.942 1097.88
0.943 1097.91
0.944 1097.93
0.945 1097.95
0.946 1097.96
0.947 1097.96
0.948 1097.96
0.949 1097.95
0.95 1097.94
0.951 1097.92
0.952 1097.89
0.953 1097.86
0.954 1097.82
0.955 1097.77
0.956 1097.72
0.957 1097.66
0.958 1097.59
0.959 1097.53
0.96 1097.47
0.961 1097.41
0.962 1097.35
0.963 1097.29
0.964 1097.24
0.965 1097.18
0.966 1097.13
0.967 1097.07
0.968 1097.02
0.969 1096.97
0.97 1096.92
0.971 1096.87
0.972 1096.83
0.973 1096.78
0.974 1096.73
0.975 1096.68
0.976 1096.63
0.977 1096.58
0.978 1096.52
0.979 1096.47
0.98 1096.41
0.981 1096.36
0.982 1096.3
0.983 1096.23
0.984 1096.17
0.985 1096.1
0.986 1096.02
0.987 1095.95
0.988 1095.86
0.989 1095.78
0.99 1095.69
0.991 1095.59
0.992 1095.49
0.993 1095.38
0.994 1095.27
0.995 1095.14
0.996 1095.02
0.997 1094.88
0.998 1094.74
0.999 1094.59
1 1094.43
1.001 1094.26
1.002 1094.08
1.003 1093.9
1.004 1093.7
1.005 1093.49
1.006 1093.28
1.007 1093.05
1.008 1092.81
1.009 1092.56
1.01 1092.3
1.011 1092.02
1.012 1091.74
1.013 1091.44
1.014 1091.13
1.015 1090.81
1.016 1090.48
1.017 1090.13
1.018 1089.77
1.019 1089.4
1.02 1089.02
1.021 1088.62
1.022 1088.22
1.023 1087.8
1.024 1087.37
1.025 1086.94
1.026 1086.5
1.027 1086.05
1.028 1085.59
1.029 1085.13
1.03 1084.67
1.031 1084.2
1.032 1083.74
1.033 1083.27
1.034 1082.81
1.035 1082.36
1.036 1081.91
1.037 1081.47
1.038 1081.04
1.039 1080.62
1.04 1080.22
1.041 1079.84
1.042 1079.47
1.043 1079.12
1.044 1078.8
1.045 1078.5
1.046 1078.22
1.047 1077.97
1.048 1077.74
1.049 1077.54
1.05 1077.36
1.051 1077.22
1.052 1077.1
1.053 1077
1.054 1076.93
1.055 1076.89
1.056 1076.86
1.057 1076.86
1.058 1076.89
1.059 1076.93
1.06 1076.99
1.061 1077.07
1.062 1077.15
1.063 1077.25
1.064 1077.35
1.065 1077.46
1.066 1077.56
1.067 1077.68
1.068 1077.79
1.069 1077.9
1.07 1078
1.071 1078.11
1.072 1078.2
1.073 1078.27
1.074 1078.33
1.075 1078.37
1.076 1078.4
1.077 1078.41
1.078 1078.4
1.079 1078.38
1.08 1078.34
1.081 1078.28
1.082 1078.21
1.083 1078.11
1.084 1078
1.085 1077.87
1.086 1077.73
1.087 1077.57
1.088 1077.39
1.089 1077.19
1.09 1076.98
1.091 1076.76
1.092 1076.51
1.093 1076.26
1.094 1075.98
1.095 1075.7
1.096 1075.4
1.097 1075.08
1.098 1074.75
1.099 1074.41
1.1 1074.06
1.101 1073.69
1.102 1073.31
1.103 1072.91
1.104 1072.49
1.105 1072.05
1.106 1071.58
1.107 1071.09
1.108 1070.59
1.109 1070.06
1.11 1069.51
1.111 1068.95
1.112 1068.36
1.113 1067.76
1.114 1067.14
1.115 1066.51
1.116 1065.86
1.117 1065.2
1.118 1064.52
1.119 1063.83
1.12 1063.12
1.121 1062.41
1.122 1061.68
1.123 1060.95
1.124 1060.2
1.125 1059.45
1.126 1058.68
1.127 1057.92
1.128 1057.14
1.129 1056.36
1.13 1055.58
1.131 1054.79
1.132 1054
1.133 1053.21
1.134 1052.41
1.135 1051.62
1.136 1050.83
1.137 1050.03
1.138 1049.25
1.139 1048.46
1.14 1047.68
1.141 1046.9
1.142 1046.13
1.143 1045.36
1.144 1044.61
1.145 1043.85
1.146 1043.11
1.147 1042.38
1.148 1041.66
1.149 1040.95
1.15 1040.25
1.151 1039.56
1.152 1038.89
1.153 1038.23
1.154 1037.58
1.155 1036.95
1.156 1036.34
1.157 1035.74
1.158 1035.15
1.159 1034.59
1.16 1034.04
1.161 1033.51
1.162 1033
1.163 1032.51
1.164 1032.04
1.165 1031.59
1.166 1031.16
1.167 1030.75
1.168 1030.36
1.169 1030
1.17 1029.65
1.171 1029.33
1.172 1029.03
1.173 1028.76
1.174 1028.5
1.175 1028.27
1.176 1028.07
1.177 1027.89
1.178 1027.73
1.179 1027.59
1.18 1027.48
1.181 1027.39
1.182 1027.31
1.183 1027.23
1.184 1027.17
1.185 1027.11
1.186 1027.07
1.187 1027.03
1.188 1027.01
1.189 1026.99
1.19 1026.99
1.191 1026.99
1.192 1027
1.193 1027.02
1.194 1027.05
1.195 1027.09
1.196 1027.14
1.197 1027.2
1.198 1027.27
1.199 1027.34
1.2 1027.42
1.201 1027.51
1.202 1027.61
1.203 1027.72
1.204 1027.83
1.205 1027.95
1.206 1028.08
1.207 1028.21
1.208 1028.36
1.209 1028.5
1.21 1028.66
1.211 1028.81
1.212 1028.98
1.213 1029.15
1.214 1029.32
1.215 1029.5
1.216 1029.68
1.217 1029.87
1.218 1030.06
1.219 1030.25
1.22 1030.45
1.221 1030.65
1.222 1030.85
1.223 1031.05
1.224 1031.25
1.225 1031.45
1.226 1031.66
1.227 1031.86
1.228 1032.07
1.229 1032.27
1.23 1032.47
1.231 1032.68
1.232 1032.87
1.233 1033.07
1.234 1033.27
1.235 1033.45
1.236 1033.63
1.237 1033.79
1.238 1033.94
1.239 1034.08
1.24 1034.21
1.241 1034.33
1.242 1034.43
1.243 1034.52
1.244 1034.6
1.245 1034.66
1.246 1034.7
1.247 1034.74
1.248 1034.76
1.249 1034.76
1.25 1034.75
1.251 1034.72
1.252 1034.68
1.253 1034.62
1.254 1034.55
1.255 1034.46
1.256 1034.35
1.257 1034.23
1.258 1034.09
1.259 1033.94
1.26 1033.78
1.261 1033.59
1.262 1033.4
1.263 1033.2
1.264 1032.99
1.265 1032.78
1.266 1032.56
1.267 1032.33
1.268 1032.09
1.269 1031.85
1.27 1031.6
1.271 1031.37
1.272 1031.13
1.273 1030.91
1.274 1030.69
1.275 1030.48
1.276 1030.27
1.277 1030.08
1.278 1029.89
1.279 1029.71
1.28 1029.55
1.281 1029.39
1.282 1029.25
1.283 1029.11
1.284 1028.99
1.285 1028.89
1.286 1028.79
1.287 1028.71
1.288 1028.65
1.289 1028.6
1.29 1028.56
1.291 1028.54
1.292 1028.53
1.293 1028.54
1.294 1028.56
1.295 1028.59
1.296 1028.64
1.297 1028.7
1.298 1028.78
1.299 1028.87
1.3 1028.97
1.301 1029.08
1.302 1029.22
1.303 1029.38
1.304 1029.55
1.305 1029.75
1.306 1029.96
1.307 1030.19
1.308 1030.44
1.309 1030.7
1.31 1030.97
1.311 1031.26
1.312 1031.56
1.313 1031.87
1.314 1032.2
1.315 1032.53
1.316 1032.88
1.317 1033.23
1.318 1033.59
1.319 1033.96
1.32 1034.34
1.321 1034.73
1.322 1035.12
1.323 1035.51
1.324 1035.91
1.325 1036.32
1.326 1036.73
1.327 1037.14
1.328 1037.56
1.329 1037.97
1.33 1038.39
1.331 1038.82
1.332 1039.24
1.333 1039.66
1.334 1040.09
1.335 1040.51
1.336 1040.94
1.337 1041.36
1.338 1041.79
1.339 1042.21
1.34 1042.63
1.341 1043.05
1.342 1043.47
1.343 1043.89
1.344 1044.3
1.345 1044.71
1.346 1045.12
1.347 1045.52
1.348 1045.92
1.349 1046.3
1.35 1046.67
1.351 1047.03
1.352 1047.37
1.353 1047.69
1.354 1047.98
1.355 1048.25
1.356 1048.49
1.357 1048.71
1.358 1048.9
1.359 1049.06
1.36 1049.2
1.361 1049.31
1.362 1049.4
1.363 1049.46
1.364 1049.49
1.365 1049.49
1.366 1049.47
1.367 1049.43
1.368 1049.35
1.369 1049.25
1.37 1049.13
1.371 1048.98
1.372 1048.8
1.373 1048.6
1.374 1048.36
1.375 1048.1
1.376 1047.8
1.377 1047.48
1.378 1047.12
1.379 1046.74
1.38 1046.34
1.381 1045.92
1.382 1045.5
1.383 1045.05
1.384 1044.6
1.385 1044.13
1.386 1043.64
1.387 1043.13
1.388 1042.59
1.389 1042.03
1.39 1041.44
1.391 1040.83
1.392 1040.19
1.393 1039.53
1.394 1038.85
1.395 1038.15
1.396 1037.43
1.397 1036.69
1.398 1035.92
1.399 1035.14
1.4 1034.34
1.401 1033.5
1.402 1032.63
1.403 1031.72
1.404 1030.78
1.405 1029.79
1.406 1028.77
1.407 1027.72
1.408 1026.64
1.409 1025.51
1.41 1024.35
1.411 1023.14
1.412 1021.9
1.413 1020.62
1.414 1019.31
1.415 1017.96
1.416 1016.58
1.417 1015.17
1.418 1013.73
1.419 1012.26
1.42 1010.76
1.421 1009.23
1.422 1007.68
1.423 1006.11
1.424 1004.52
1.425 1002.91
1.426 1001.28
1.427 999.628
1.428 997.966
1.429 996.29
1.43 994.602
1.431 992.9
1.432 991.179
1.433 989.443
1.434 987.7
1.435 985.95
1.436 984.197
1.437 982.442
1.438 980.686
1.439 978.931
1.44 977.179
1.441 975.432
1.442 973.691
1.443 971.958
1.444 970.235
1.445 968.523
1.446 966.825
1.447 965.141
1.448 963.474
1.449 961.825
1.45 960.196
1.451 958.589
1.452 957.004
1.453 955.443
1.454 953.909
1.455 952.402
1.456 950.925
1.457 949.477
1.458 948.062
1.459 946.68
1.46 945.332
1.461 944.02
1.462 942.745
1.463 941.509
1.464 940.312
1.465 939.156
1.466 938.042
1.467 936.971
1.468 935.944
1.469 934.961
1.47 934.024
1.471 933.134
1.472 932.292
1.473 931.498
1.474 930.752
1.475 930.057
1.476 929.412
1.477 928.817
1.478 928.274
1.479 927.783
1.48 927.345
1.481 926.959
1.482 926.625
1.483 926.346
1.484 926.119
1.485 925.946
1.486 925.827
1.487 925.761
1.488 925.749
1.489 925.791
1.49 925.886
1.491 926.034
1.492 926.235
1.493 926.489
1.494 926.795
1.495 927.153
1.496 927.563
1.497 928.023
1.498 928.533
1.499 929.094
1.5 929.703
1.501 930.36
1.502 931.068
1.503 931.825
1.504 932.63
1.505 933.484
1.506 934.384
1.507 935.33
1.508 936.321
1.509 937.355
1.51 938.432
1.511 939.549
1.512 940.706
1.513 941.897
1.514 943.117
1.515 944.363
1.516 945.635
1.517 946.93
1.518 948.248
1.519 949.587
1.52 950.944
1.521 952.32
1.522 953.711
1.523 955.117
1.524 956.535
1.525 957.964
1.526 959.403
1.527 960.85
1.528 962.302
1.529 963.759
1.53 965.218
1.531 966.679
1.532 968.138
1.533 969.59
1.534 971.031
1.535 972.459
1.536 973.874
1.537 975.274
1.538 976.656
1.539 978.02
1.54 979.363
1.541 980.684
1.542 981.983
1.543 983.256
1.544 984.504
1.545 985.724
1.546 986.914
1.547 988.077
1.548 989.216
1.549 990.327
1.55 991.401
1.551 992.442
1.552 993.454
1.553 994.436
1.554 995.389
1.555 996.31
1.556 997.2
1.557 998.059
1.558 998.885
1.559 999.68
1.56 1000.44
1.561 1001.17
1.562 1001.87
1.563 1002.53
1.564 1003.17
1.565 1003.77
1.566 1004.34
1.567 1004.87
1.568 1005.38
1.569 1005.85
1.57 1006.3
1.571 1006.71
1.572 1007.09
1.573 1007.45
1.574 1007.78
1.575 1008.08
1.576 1008.37
1.577 1008.63
1.578 1008.86
1.579 1009.07
1.58 1009.26
1.581 1009.42
1.582 1009.56
1.583 1009.67
1.584 1009.76
1.585 1009.83
1.586 1009.89
1.587 1009.93
1.588 1009.97
1.589 1009.99
1.59 1009.99
1.591 1009.98
1.592 1009.96
1.593 1009.92
1.594 1009.86
1.595 1009.79
1.596 1009.69
1.597 1009.58
1.598 1009.45
1.599 1009.31
1.6 1009.14
1.601 1008.97
1.602 1008.79
1.603 1008.6
1.604 1008.4
1.605 1008.19
1.606 1007.97
1.607 1007.74
1.608 1007.51
1.609 1007.29
1.61 1007.06
1.611 1006.83
1.612 1006.59
1.613 1006.35
1.614 1006.1
1.615 1005.85
1.616 1005.58
1.617 1005.32
1.618 1005.04
1.619 1004.76
1.62 1004.48
1.621 1004.2
1.622 1003.93
1.623 1003.65
1.624 1003.38
1.625 1003.12
1.626 1002.85
1.627 1002.59
1.628 1002.33
1.629 1002.06
1.63 1001.81
1.631 1001.56
1.632 1001.32
1.633 1001.1
1.634 1000.88
1.635 1000.66
1.636 1000.46
1.637 1000.26
1.638 1000.06
1.639 999.881
1.64 999.707
1.641 999.541
1.642 999.384
1.643 999.232
1.644 999.083
1.645 998.938
1.646 998.798
1.647 998.662
1.648 998.531
1.649 998.405
1.65 998.284
1.651 998.168
1.652 998.058
1.653 997.953
1.654 997.854
1.655 997.761
1.656 997.674
1.657 997.593
1.658 997.518
1.659 997.45
1.66 997.388
1.661 997.332
1.662 997.282
1.663 997.239
1.664 997.202
1.665 997.172
1.666 997.148
1.667 997.13
1.668 997.119
1.669 997.114
1.67 997.115
1.671 997.122
1.672 997.135
1.673 997.154
1.674 997.179
1.675 997.21
1.676 997.246
1.677 997.287
1.678 997.333
1.679 997.384
1.68 997.44
1.681 997.5
1.682 997.565
1.683 997.633
1.684 997.705
1.685 997.78
1.686 997.859
1.687 997.939
1.688 998.022
1.689 998.107
1.69 998.194
1.691 998.281
1.692 998.368
1.693 998.456
1.694 998.543
1.695 998.629
1.696 998.713
1.697 998.795
1.698 998.874
1.699 998.948
1.7 999.013
1.701 999.069
1.702 999.115
1.703 999.151
1.704 999.175
1.705 999.187
1.706 999.185
1.707 999.171
1.708 999.141
1.709 999.097
1.71 999.037
1.711 998.96
1.712 998.875
1.713 998.78
1.714 998.673
1.715 998.556
1.716 998.426
1.717 998.284
1.718 998.129
1.719 997.961
1.72 997.779
1.721 997.584
1.722 997.375
1.723 997.154
1.724 996.92
1.725 996.676
1.726 996.421
1.727 996.157
1.728 995.886
1.729 995.61
1.73 995.331
1.731 995.052
1.732 994.779
1.733 994.518
1.734 994.272
1.735 994.046
1.736 993.844
1.737 993.668
1.738 993.523
1.739 993.412
1.74 993.339
1.741 993.308
1.742 993.321
1.743 993.38
1.744 993.488
1.745 993.648
1.746 993.862
1.747 994.131
1.748 994.456
1.749 994.845
1.75 995.296
1.751 995.805
1.752 996.37
1.753 996.986
1.754 997.65
1.755 998.357
1.756 999.103
1.757 999.881
1.758 1000.69
1.759 1001.52
1.76 1002.36
1.761 1003.22
1.762 1004.09
1.763 1004.96
1.764 1005.83
1.765 1006.69
1.766 1007.55
1.767 1008.39
1.768 1009.22
1.769 1010.03
1.77 1010.82
1.771 1011.59
1.772 1012.34
1.773 1013.06
1.774 1013.75
1.775 1014.42
1.776 1015.05
1.777 1015.66
1.778 1016.24
1.779 1016.78
1.78 1017.29
1.781 1017.77
1.782 1018.21
1.783 1018.63
1.784 1019.02
1.785 1019.37
1.786 1019.68
1.787 1019.97
1.788 1020.23
1.789 1020.46
1.79 1020.66
1.791 1020.84
1.792 1020.99
1.793 1021.12
1.794 1021.23
1.795 1021.32
1.796 1021.39
1.797 1021.45
1.798 1021.5
1.799 1021.52
1.8 1021.54
1.801 1021.54
1.802 1021.54
1.803 1021.52
1.804 1021.5
1.805 1021.47
1.806 1021.44
1.807 1021.41
1.808 1021.37
1.809 1021.34
1.81 1021.31
1.811 1021.28
1.812 1021.25
1.813 1021.23
1.814 1021.2
1.815 1021.19
1.816 1021.17
1.817 1021.15
1.818 1021.13
1.819 1021.11
1.82 1021.09
1.821 1021.06
1.822 1021.03
1.823 1020.99
1.824 1020.94
1.825 1020.88
1.826 1020.81
1.827 1020.73
1.828 1020.65
1.829 1020.56
1.83 1020.47
1.831 1020.36
1.832 1020.25
1.833 1020.12
1.834 1019.99
1.835 1019.85
1.836 1019.7
1.837 1019.54
1.838 1019.38
1.839 1019.2
1.84 1019.02
1.841 1018.83
1.842 1018.64
1.843 1018.45
1.844 1018.25
1.845 1018.05
1.846 1017.84
1.847 1017.64
1.848 1017.43
1.849 1017.22
1.85 1017.01
1.851 1016.81
1.852 1016.6
1.853 1016.39
1.854 1016.18
1.855 1015.98
1.856 1015.78
1.857 1015.58
1.858 1015.39
1.859 1015.2
1.86 1015.02
1.861 1014.85
1.862 1014.68
1.863 1014.52
1.864 1014.36
1.865 1014.22
1.866 1014.08
1.867 1013.95
1.868 1013.83
1.869 1013.72
1.87 1013.62
1.871 1013.53
1.872 1013.45
1.873 1013.38
1.874 1013.32
1.875 1013.27
1.876 1013.23
1.877 1013.19
1.878 1013.16
1.879 1013.13
1.88 1013.1
1.881 1013.08
1.882 1013.07
1.883 1013.07
1.884 1013.06
1.885 1013.07
1.886 1013.08
1.887 1013.1
1.888 1013.12
1.889 1013.15
1.89 1013.18
1.891 1013.22
1.892 1013.27
1.893 1013.32
1.894 1013.37
1.895 1013.42
1.896 1013.48
1.897 1013.53
1.898 1013.59
1.899 1013.65
1.9 1013.72
1.901 1013.8
1.902 1013.88
1.903 1013.96
1.904 1014.05
1.905 1014.15
1.906 1014.26
1.907 1014.37
1.908 1014.48
1.909 1014.6
1.91 1014.73
1.911 1014.86
1.912 1014.99
1.913 1015.12
1.914 1015.26
1.915 1015.39
1.916 1015.52
1.917 1015.64
1.918 1015.77
1.919 1015.89
1.92 1016.01
1.921 1016.13
1.922 1016.25
1.923 1016.36
1.924 1016.47
1.925 1016.58
1.926 1016.69
1.927 1016.79
1.928 1016.89
1.929 1016.99
1.93 1017.09
1.931 1017.18
1.932 1017.27
1.933 1017.36
1.934 1017.44
1.935 1017.52
1.936 1017.59
1.937 1017.65
1.938 1017.7
1.939 1017.75
1.94 1017.78
1.941 1017.82
1.942 1017.84
1.943 1017.85
1.944 1017.86
1.945 1017.86
1.946 1017.85
1.947 1017.83
1.948 1017.8
1.949 1017.76
1.95 1017.7
1.951 1017.63
1.952 1017.54
1.953 1017.44
1.954 1017.32
1.955 1017.18
1.956 1017.03
1.957 1016.86
1.958 1016.67
1.959 1016.47
1.96 1016.24
1.961 1016
1.962 1015.74
1.963 1015.47
1.964 1015.17
1.965 1014.85
1.966 1014.52
1.967 1014.17
1.968 1013.79
1.969 1013.4
1.97 1012.98
1.971 1012.55
1.972 1012.09
1.973 1011.62
1.974 1011.12
1.975 1010.61
1.976 1010.07
1.977 1009.53
1.978 1008.96
1.979 1008.38
1.98 1007.79
1.981 1007.19
1.982 1006.56
1.983 1005.91
1.984 1005.24
1.985 1004.55
1.986 1003.85
1.987 1003.14
1.988 1002.42
1.989 1001.69
1.99 1000.96
1.991 1000.23
1.992 999.512
1.993 998.797
1.994 998.094
1.995 997.406
1.996 996.737
1.997 996.089
1.998 995.469
1.999 994.882
2 994.329
2.001 993.81
2.002 993.328
2.003 992.884
2.004 992.48
2.005 992.117
2.006 991.794
2.007 991.511
2.008 991.268
2.009 991.06
2.01 990.886
2.011 990.744
2.012 990.632
2.013 990.545
2.014 990.477
2.015 990.427
2.016 990.39
2.017 990.365
2.018 990.347
2.019 990.335
2.02 990.325
2.021 990.315
2.022 990.302
2.023 990.283
2.024 990.258
2.025 990.222
2.026 990.176
2.027 990.118
2.028 990.046
2.029 989.958
2.03 989.856
2.031 989.737
2.032 989.601
2.033 989.448
2.034 989.277
2.035 989.089
2.036 988.883
2.037 988.66
2.038 988.42
2.039 988.163
2.04 987.89
2.041 987.605
2.042 987.307
2.043 986.998
2.044 986.678
2.045 986.347
2.046 986.006
2.047 985.655
2.048 985.294
2.049 984.924
2.05 984.546
2.051 984.16
2.052 983.766
2.053 983.365
2.054 982.956
2.055 982.542
2.056 982.124
2.057 981.701
2.058 981.275
2.059 980.846
2.06 980.414
2.061 979.979
2.062 979.543
2.063 979.105
2.064 978.667
2.065 978.222
2.066 977.771
2.067 977.315
2.068 976.853
2.069 976.386
2.07 975.916
2.071 975.444
2.072 974.969
2.073 974.498
2.074 974.034
2.075 973.576
2.076 973.127
2.077 972.688
2.078 972.259
2.079 971.843
2.08 971.44
2.081 971.052
2.082 970.681
2.083 970.327
2.084 969.992
2.085 969.678
2.086 969.385
2.087 969.116
2.088 968.871
2.089 968.651
2.09 968.458
2.091 968.293
2.092 968.161
2.093 968.063
2.094 967.999
2.095 967.969
2.096 967.973
2.097 968.009
2.098 968.079
2.099 968.179
2.1 968.31
2.101 968.468
2.102 968.653
2.103 968.863
2.104 969.093
2.105 969.343
2.106 969.609
2.107 969.887
2.108 970.175
2.109 970.473
2.11 970.773
2.111 971.07
2.112 971.365
2.113 971.654
2.114 971.937
2.115 972.211
2.116 972.473
2.117 972.724
2.118 972.962
2.119 973.188
2.12 973.404
2.121 973.61
2.122 973.811
2.123 974.01
2.124 974.213
2.125 974.426
2.126 974.655
2.127 974.909
2.128 975.195
2.129 975.522
2.13 975.899
2.131 976.335
2.132 976.84
2.133 977.424
2.134 978.093
2.135 978.852
2.136 979.704
2.137 980.652
2.138 981.694
2.139 982.83
2.14 984.055
2.141 985.363
2.142 986.748
2.143 988.201
2.144 989.711
2.145 991.27
2.146 992.865
2.147 994.49
2.148 996.135
2.149 997.789
2.15 999.441
2.151 1001.08
2.152 1002.7
2.153 1004.3
2.154 1005.86
2.155 1007.38
2.156 1008.86
2.157 1010.28
2.158 1011.65
2.159 1012.96
2.16 1014.21
2.161 1015.4
2.162 1016.52
2.163 1017.58
2.164 1018.56
2.165 1019.47
2.166 1020.32
2.167 1021.08
2.168 1021.76
2.169 1022.37
2.17 1022.9
2.171 1023.35
2.172 1023.73
2.173 1024.04
2.174 1024.27
2.175 1024.44
2.176 1024.54
2.177 1024.58
2.178 1024.55
2.179 1024.47
2.18 1024.34
2.181 1024.17
2.182 1023.96
2.183 1023.73
2.184 1023.48
2.185 1023.21
2.186 1022.94
2.187 1022.66
2.188 1022.37
2.189 1022.09
2.19 1021.82
2.191 1021.55
2.192 1021.3
2.193 1021.07
2.194 1020.85
2.195 1020.66
2.196 1020.48
2.197 1020.32
2.198 1020.18
2.199 1020.06
2.2 1019.95
2.201 1019.87
2.202 1019.79
2.203 1019.72
2.204 1019.66
2.205 1019.59
2.206 1019.53
2.207 1019.46
2.208 1019.38
2.209 1019.29
2.21 1019.2
2.211 1019.09
2.212 1018.97
2.213 1018.83
2.214 1018.69
2.215 1018.53
2.216 1018.37
2.217 1018.19
2.218 1018
2.219 1017.81
2.22 1017.61
2.221 1017.41
2.222 1017.21
2.223 1017.02
2.224 1016.84
2.225 1016.66
2.226 1016.51
2.227 1016.37
2.228 1016.25
2.229 1016.15
2.23 1016.08
2.231 1016.04
2.232 1016.02
2.233 1016.04
2.234 1016.07
2.235 1016.14
2.236 1016.23
2.237 1016.35
2.238 1016.49
2.239 1016.65
2.24 1016.82
2.241 1017
2.242 1017.19
2.243 1017.37
2.244 1017.56
2.245 1017.73
2.246 1017.9
2.247 1018.04
2.248 1018.17
2.249 1018.27
2.25 1018.34
2.251 1018.38
2.252 1018.38
2.253 1018.34
2.254 1018.25
2.255 1018.12
2.256 1017.93
2.257 1017.7
2.258 1017.4
2.259 1017.05
2.26 1016.64
2.261 1016.18
2.262 1015.65
2.263 1015.06
2.264 1014.42
2.265 1013.73
2.266 1012.99
2.267 1012.2
2.268 1011.36
2.269 1010.48
2.27 1009.57
2.271 1008.62
2.272 1007.64
2.273 1006.64
2.274 1005.62
2.275 1004.6
2.276 1003.57
2.277 1002.56
2.278 1001.55
2.279 1000.57
2.28 999.626
2.281 998.716
2.282 997.852
2.283 997.042
2.284 996.293
2.285 995.611
2.286 995.003
2.287 994.475
2.288 994.032
2.289 993.68
2.29 993.425
2.291 993.272
2.292 993.227
2.293 993.294
2.294 993.469
2.295 993.757
2.296 994.164
2.297 994.692
2.298 995.346
2.299 996.127
2.3 997.036
2.301 998.071
2.302 999.23
2.303 1000.51
2.304 1001.9
2.305 1003.39
2.306 1004.97
2.307 1006.63
2.308 1008.36
2.309 1010.14
2.31 1011.96
2.311 1013.8
2.312 1015.65
2.313 1017.5
2.314 1019.32
2.315 1021.11
2.316 1022.86
2.317 1024.55
2.318 1026.17
2.319 1027.71
2.32 1029.18
2.321 1030.57
2.322 1031.86
2.323 1033.07
2.324 1034.18
2.325 1035.2
2.326 1036.13
2.327 1036.96
2.328 1037.71
2.329 1038.37
2.33 1038.94
2.331 1039.43
2.332 1039.84
2.333 1040.18
2.334 1040.44
2.335 1040.62
2.336 1040.74
2.337 1040.8
2.338 1040.79
2.339 1040.73
2.34 1040.61
2.341 1040.44
2.342 1040.22
2.343 1039.95
2.344 1039.64
2.345 1039.3
2.346 1038.91
2.347 1038.5
2.348 1038.05
2.349 1037.58
2.35 1037.08
2.351 1036.56
2.352 1036.03
2.353 1035.49
2.354 1034.93
2.355 1034.37
2.356 1033.81
2.357 1033.24
2.358 1032.68
2.359 1032.11
2.36 1031.56
2.361 1031.02
2.362 1030.49
2.363 1029.99
2.364 1029.51
2.365 1029.05
2.366 1028.64
2.367 1028.26
2.368 1027.92
2.369 1027.62
2.37 1027.36
2.371 1027.14
2.372 1026.96
2.373 1026.82
2.374 1026.71
2.375 1026.65
2.376 1026.62
2.377 1026.63
2.378 1026.68
2.379 1026.76
2.38 1026.88
2.381 1027.03
2.382 1027.21
2.383 1027.41
2.384 1027.63
2.385 1027.87
2.386 1028.13
2.387 1028.4
2.388 1028.68
2.389 1028.97
2.39 1029.27
2.391 1029.57
2.392 1029.87
2.393 1030.18
2.394 1030.48
2.395 1030.78
2.396 1031.07
2.397 1031.36
2.398 1031.65
2.399 1031.92
2.4 1032.19
2.401 1032.45
2.402 1032.7
2.403 1032.94
2.404 1033.17
2.405 1033.4
2.406 1033.61
2.407 1033.81
2.408 1034.01
2.409 1034.19
2.41 1034.37
2.411 1034.54
2.412 1034.7
2.413 1034.85
2.414 1035
2.415 1035.15
2.416 1035.29
2.417 1035.42
2.418 1035.55
2.419 1035.68
2.42 1035.81
2.421 1035.94
2.422 1036.06
2.423 1036.19
2.424 1036.32
2.425 1036.45
2.426 1036.58
2.427 1036.72
2.428 1036.86
2.429 1037
2.43 1037.15
2.431 1037.3
2.432 1037.46
2.433 1037.62
2.434 1037.78
2.435 1037.95
2.436 1038.12
2.437 1038.28
2.438 1038.45
2.439 1038.63
2.44 1038.8
2.441 1038.98
2.442 1039.17
2.443 1039.35
2.444 1039.54
2.445 1039.72
2.446 1039.91
2.447 1040.1
2.448 1040.29
2.449 1040.48
2.45 1040.66
2.451 1040.84
2.452 1041.02
2.453 1041.19
2.454 1041.36
2.455 1041.52
2.456 1041.67
2.457 1041.81
2.458 1041.95
2.459 1042.07
2.46 1042.19
2.461 1042.29
2.462 1042.37
2.463 1042.45
2.464 1042.51
2.465 1042.55
2.466 1042.57
2.467 1042.58
2.468 1042.56
2.469 1042.53
2.47 1042.48
2.471 1042.4
2.472 1042.31
2.473 1042.19
2.474 1042.04
2.475 1041.87
2.476 1041.68
2.477 1041.47
2.478 1041.23
2.479 1040.96
2.48 1040.68
2.481 1040.36
2.482 1040.03
2.483 1039.67
2.484 1039.28
2.485 1038.88
2.486 1038.46
2.487 1038.03
2.488 1037.58
2.489 1037.13
2.49 1036.67
2.491 1036.21
2.492 1035.75
2.493 1035.31
2.494 1034.9
2.495 1034.5
2.496 1034.14
2.497 1033.81
2.498 1033.51
2.499 1033.26
2.5 1033.05
2.501 1032.88
2.502 1032.76
2.503 1032.69
2.504 1032.67
2.505 1032.7
2.506 1032.78
2.507 1032.91
2.508 1033.08
2.509 1033.3
2.51 1033.55
2.511 1033.84
2.512 1034.16
2.513 1034.51
2.514 1034.88
2.515 1035.27
2.516 1035.67
2.517 1036.07
2.518 1036.48
2.519 1036.87
2.52 1037.26
2.521 1037.63
2.522 1037.98
2.523 1038.3
2.524 1038.6
2.525 1038.86
2.526 1039.09
2.527 1039.28
2.528 1039.43
2.529 1039.54
2.53 1039.6
2.531 1039.61
2.532 1039.57
2.533 1039.48
2.534 1039.33
2.535 1039.12
2.536 1038.86
2.537 1038.52
2.538 1038.13
2.539 1037.67
2.54 1037.13
2.541 1036.53
2.542 1035.85
2.543 1035.1
2.544 1034.27
2.545 1033.37
2.546 1032.39
2.547 1031.33
2.548 1030.19
2.549 1028.99
2.55 1027.71
2.551 1026.36
2.552 1024.96
2.553 1023.5
2.554 1022.01
2.555 1020.49
2.556 1018.96
2.557 1017.43
2.558 1015.93
2.559 1014.47
2.56 1013.06
2.561 1011.74
2.562 1010.52
2.563 1009.42
2.564 1008.46
2.565 1007.66
2.566 1007.03
2.567 1006.58
2.568 1006.31
2.569 1006.23
2.57 1006.33
2.571 1006.62
2.572 1007.08
2.573 1007.69
2.574 1008.44
2.575 1009.32
2.576 1010.3
2.577 1011.37
2.578 1012.51
2.579 1013.7
2.58 1014.92
2.581 1016.16
2.582 1017.4
2.583 1018.65
2.584 1019.87
2.585 1021.08
2.586 1022.26
2.587 1023.4
2.588 1024.51
2.589 1025.58
2.59 1026.61
2.591 1027.59
2.592 1028.53
2.593 1029.44
2.594 1030.29
2.595 1031.11
2.596 1031.89
2.597 1032.63
2.598 1033.33
2.599 1033.99
2.6 1034.61
2.601 1035.21
2.602 1035.76
2.603 1036.29
2.604 1036.78
2.605 1037.25
2.606 1037.68
2.607 1038.08
2.608 1038.45
2.609 1038.79
2.61 1039.11
2.611 1039.4
2.612 1039.66
2.613 1039.89
2.614 1040.1
2.615 1040.29
2.616 1040.45
2.617 1040.59
2.618 1040.7
2.619 1040.8
2.62 1040.87
2.621 1040.93
2.622 1040.96
2.623 1040.98
2.624 1040.99
2.625 1040.98
2.626 1040.95
2.627 1040.92
2.628 1040.88
2.629 1040.83
2.63 1040.77
2.631 1040.71
2.632 1040.65
2.633 1040.59
2.634 1040.54
2.635 1040.49
2.636 1040.45
2.637 1040.43
2.638 1040.41
2.639 1040.41
2.64 1040.42
2.641 1040.45
2.642 1040.5
2.643 1040.57
2.644 1040.66
2.645 1040.77
2.646 1040.9
2.647 1041.05
2.648 1041.23
2.649 1041.43
2.65 1041.66
2.651 1041.91
2.652 1042.18
2.653 1042.47
2.654 1042.79
2.655 1043.13
2.656 1043.49
2.657 1043.87
2.658 1044.27
2.659 1044.69
2.66 1045.12
2.661 1045.57
2.662 1046.03
2.663 1046.5
2.664 1046.99
2.665 1047.48
2.666 1047.98
2.667 1048.48
2.668 1048.99
2.669 1049.5
2.67 1050.01
2.671 1050.52
2.672 1051.02
2.673 1051.52
2.674 1052.02
2.675 1052.5
2.676 1052.98
2.677 1053.45
2.678 1053.91
2.679 1054.35
2.68 1054.78
2.681 1055.2
2.682 1055.6
2.683 1055.99
2.684 1056.35
2.685 1056.7
2.686 1057.03
2.687 1057.34
2.688 1057.62
2.689 1057.88
2.69 1058.11
2.691 1058.32
2.692 1058.51
2.693 1058.66
2.694 1058.79
2.695 1058.9
2.696 1058.98
2.697 1059.03
2.698 1059.06
2.699 1059.07
2.7 1059.05
2.701 1059.01
2.702 1058.96
2.703 1058.88
2.704 1058.78
2.705 1058.66
2.706 1058.53
2.707 1058.38
2.708 1058.21
2.709 1058.02
2.71 1057.82
2.711 1057.61
2.712 1057.38
2.713 1057.14
2.714 1056.89
2.715 1056.63
2.716 1056.36
2.717 1056.09
2.718 1055.81
2.719 1055.53
2.72 1055.25
2.721 1054.96
2.722 1054.68
2.723 1054.4
2.724 1054.12
2.725 1053.84
2.726 1053.57
2.727 1053.3
2.728 1053.03
2.729 1052.77
2.73 1052.52
2.731 1052.27
2.732 1052.03
2.733 1051.8
2.734 1051.58
2.735 1051.37
2.736 1051.16
2.737 1050.96
2.738 1050.78
2.739 1050.6
2.74 1050.43
2.741 1050.28
2.742 1050.13
2.743 1049.98
2.744 1049.85
2.745 1049.72
2.746 1049.59
2.747 1049.47
2.748 1049.35
2.749 1049.24
2.75 1049.14
2.751 1049.03
2.752 1048.92
2.753 1048.81
2.754 1048.7
2.755 1048.58
2.756 1048.46
2.757 1048.33
2.758 1048.2
2.759 1048.06
2.76 1047.91
2.761 1047.75
2.762 1047.58
2.763 1047.4
2.764 1047.21
2.765 1047.01
2.766 1046.78
2.767 1046.55
2.768 1046.29
2.769 1046.02
2.77 1045.73
2.771 1045.41
2.772 1045.08
2.773 1044.72
2.774 1044.34
2.775 1043.94
2.776 1043.5
2.777 1043.04
2.778 1042.56
2.779 1042.04
2.78 1041.5
2.781 1040.92
2.782 1040.32
2.783 1039.68
2.784 1039.01
2.785 1038.31
2.786 1037.58
2.787 1036.82
2.788 1036.02
2.789 1035.19
2.79 1034.33
2.791 1033.45
2.792 1032.53
2.793 1031.58
2.794 1030.62
2.795 1029.62
2.796 1028.61
2.797 1027.58
2.798 1026.53
2.799 1025.47
2.8 1024.41
2.801 1023.34
2.802 1022.28
2.803 1021.22
2.804 1020.17
2.805 1019.14
2.806 1018.13
2.807 1017.15
2.808 1016.21
2.809 1015.3
2.81 1014.44
2.811 1013.63
2.812 1012.86
2.813 1012.16
2.814 1011.52
2.815 1010.94
2.816 1010.42
2.817 1009.97
2.818 1009.58
2.819 1009.26
2.82 1009.01
2.821 1008.82
2.822 1008.69
2.823 1008.62
2.824 1008.61
2.825 1008.65
2.826 1008.73
2.827 1008.87
2.828 1009.05
2.829 1009.27
2.83 1009.53
2.831 1009.82
2.832 1010.15
2.833 1010.51
2.834 1010.89
2.835 1011.31
2.836 1011.75
2.837 1012.21
2.838 1012.69
2.839 1013.19
2.84 1013.71
2.841 1014.24
2.842 1014.78
2.843 1015.34
2.844 1015.9
2.845 1016.47
2.846 1017.05
2.847 1017.63
2.848 1018.21
2.849 1018.78
2.85 1019.36
2.851 1019.92
2.852 1020.48
2.853 1021.03
2.854 1021.57
2.855 1022.08
2.856 1022.59
2.857 1023.07
2.858 1023.53
2.859 1023.97
2.86 1024.38
2.861 1024.76
2.862 1025.11
2.863 1025.43
2.864 1025.72
2.865 1025.97
2.866 1026.18
2.867 1026.36
2.868 1026.49
2.869 1026.59
2.87 1026.64
2.871 1026.65
2.872 1026.61
2.873 1026.53
2.874 1026.4
2.875 1026.23
2.876 1026
2.877 1025.73
2.878 1025.4
2.879 1025.03
2.88 1024.6
2.881 1024.12
2.882 1023.59
2.883 1023.01
2.884 1022.38
2.885 1021.7
2.886 1020.97
2.887 1020.2
2.888 1019.38
2.889 1018.52
2.89 1017.61
2.891 1016.67
2.892 1015.69
2.893 1014.67
2.894 1013.63
2.895 1012.56
2.896 1011.46
2.897 1010.35
2.898 1009.24
2.899 1008.11
2.9 1007
2.901 1005.89
2.902 1004.81
2.903 1003.75
2.904 1002.74
2.905 1001.77
2.906 1000.86
2.907 1000.01
2.908 999.242
2.909 998.554
2.91 997.958
2.911 997.459
2.912 997.064
2.913 996.778
2.914 996.603
2.915 996.541
2.916 996.594
2.917 996.758
2.918 997.031
2.919 997.41
2.92 997.888
2.921 998.458
2.922 999.112
2.923 999.839
2.924 1000.63
2.925 1001.48
2.926 1002.37
2.927 1003.3
2.928 1004.25
2.929 1005.21
2.93 1006.18
2.931 1007.15
2.932 1008.11
2.933 1009.05
2.934 1009.96
2.935 1010.84
2.936 1011.68
2.937 1012.49
2.938 1013.25
2.939 1013.95
2.94 1014.61
2.941 1015.21
2.942 1015.76
2.943 1016.27
2.944 1016.73
2.945 1017.15
2.946 1017.53
2.947 1017.87
2.948 1018.18
2.949 1018.47
2.95 1018.74
2.951 1019
2.952 1019.25
2.953 1019.5
2.954 1019.75
2.955 1020
2.956 1020.27
2.957 1020.55
2.958 1020.84
2.959 1021.15
2.96 1021.47
2.961 1021.81
2.962 1022.16
2.963 1022.53
2.964 1022.92
2.965 1023.32
2.966 1023.72
2.967 1024.14
2.968 1024.56
2.969 1024.99
2.97 1025.41
2.971 1025.83
2.972 1026.25
2.973 1026.66
2.974 1027.06
2.975 1027.45
2.976 1027.83
2.977 1028.19
2.978 1028.54
2.979 1028.87
2.98 1029.19
2.981 1029.49
2.982 1029.78
2.983 1030.05
2.984 1030.31
2.985 1030.55
2.986 1030.78
2.987 1031
2.988 1031.22
2.989 1031.42
2.99 1031.6
2.991 1031.78
2.992 1031.94
2.993 1032.09
2.994 1032.24
2.995 1032.37
2.996 1032.49
2.997 1032.6
2.998 1032.71
2.999 1032.8
3 1032.88
3.001 1032.95
3.002 1033.01
3.003 1033.06
3.004 1033.1
3.005 1033.13
3.006 1033.14
3.007 1033.13
3.008 1033.12
3.009 1033.09
3.01 1033.04
3.011 1032.98
3.012 1032.91
3.013 1032.82
3.014 1032.71
3.015 1032.59
3.016 1032.45
3.017 1032.3
3.018 1032.12
3.019 1031.94
3.02 1031.74
3.021 1031.52
3.022 1031.29
3.023 1031.05
3.024 1030.79
3.025 1030.53
3.026 1030.25
3.027 1029.95
3.028 1029.65
3.029 1029.33
3.03 1029
3.031 1028.67
3.032 1028.32
3.033 1027.96
3.034 1027.58
3.035 1027.2
3.036 1026.8
3.037 1026.4
3.038 1025.99
3.039 1025.56
3.04 1025.13
3.041 1024.68
3.042 1024.22
3.043 1023.76
3.044 1023.28
3.045 1022.78
3.046 1022.28
3.047 1021.76
3.048 1021.22
3.049 1020.68
3.05 1020.11
3.051 1019.53
3.052 1018.93
3.053 1018.32
3.054 1017.69
3.055 1017.04
3.056 1016.37
3.057 1015.68
3.058 1014.98
3.059 1014.26
3.06 1013.53
3.061 1012.78
3.062 1012.02
3.063 1011.25
3.064 1010.47
3.065 1009.7
3.066 1008.92
3.067 1008.16
3.068 1007.4
3.069 1006.67
3.07 1005.96
3.071 1005.28
3.072 1004.64
3.073 1004.04
3.074 1003.49
3.075 1003
3.076 1002.56
3.077 1002.2
3.078 1001.9
3.079 1001.66
3.08 1001.5
3.081 1001.41
3.082 1001.39
3.083 1001.43
3.084 1001.53
3.085 1001.68
3.086 1001.88
3.087 1002.12
3.088 1002.4
3.089 1002.7
3.09 1003.02
3.091 1003.35
3.092 1003.68
3.093 1004.01
3.094 1004.33
3.095 1004.63
3.096 1004.92
3.097 1005.19
3.098 1005.44
3.099 1005.66
3.1 1005.87
3.101 1006.06
3.102 1006.24
3.103 1006.41
3.104 1006.57
3.105 1006.74
3.106 1006.92
3.107 1007.11
3.108 1007.32
3.109 1007.56
3.11 1007.83
3.111 1008.14
3.112 1008.49
3.113 1008.89
3.114 1009.34
3.115 1009.83
3.116 1010.38
3.117 1010.98
3.118 1011.63
3.119 1012.32
3.12 1013.06
3.121 1013.85
3.122 1014.67
3.123 1015.53
3.124 1016.42
3.125 1017.33
3.126 1018.26
3.127 1019.21
3.128 1020.16
3.129 1021.11
3.13 1022.07
3.131 1023.02
3.132 1023.96
3.133 1024.88
3.134 1025.79
3.135 1026.68
3.136 1027.55
3.137 1028.4
3.138 1029.22
3.139 1030.02
3.14 1030.8
3.141 1031.54
3.142 1032.27
3.143 1032.97
3.144 1033.64
3.145 1034.29
3.146 1034.91
3.147 1035.51
3.148 1036.09
3.149 1036.63
3.15 1037.15
3.151 1037.64
3.152 1038.1
3.153 1038.54
3.154 1038.94
3.155 1039.32
3.156 1039.67
3.157 1039.99
3.158 1040.29
3.159 1040.55
3.16 1040.79
3.161 1040.99
3.162 1041.16
3.163 1041.3
3.164 1041.4
3.165 1041.46
3.166 1041.49
3.167 1041.49
3.168 1041.44
3.169 1041.35
3.17 1041.22
3.171 1041.05
3.172 1040.83
3.173 1040.57
3.174 1040.26
3.175 1039.91
3.176 1039.51
3.177 1039.06
3.178 1038.56
3.179 1038.02
3.18 1037.43
3.181 1036.79
3.182 1036.11
3.183 1035.38
3.184 1034.61
3.185 1033.81
3.186 1032.97
3.187 1032.1
3.188 1031.2
3.189 1030.29
3.19 1029.37
3.191 1028.45
3.192 1027.53
3.193 1026.64
3.194 1025.77
3.195 1024.94
3.196 1024.15
3.197 1023.42
3.198 1022.77
3.199 1022.18
3.2 1021.68
3.201 1021.27
3.202 1020.95
3.203 1020.73
3.204 1020.62
3.205 1020.6
3.206 1020.68
3.207 1020.86
3.208 1021.12
3.209 1021.47
3.21 1021.89
3.211 1022.38
3.212 1022.93
3.213 1023.53
3.214 1024.18
3.215 1024.86
3.216 1025.57
3.217 1026.3
3.218 1027.05
3.219 1027.8
3.22 1028.55
3.221 1029.31
3.222 1030.05
3.223 1030.79
3.224 1031.52
3.225 1032.24
3.226 1032.94
3.227 1033.63
3.228 1034.3
3.229 1034.96
3.23 1035.61
3.231 1036.24
3.232 1036.86
3.233 1037.47
3.234 1038.07
3.235 1038.66
3.236 1039.24
3.237 1039.81
3.238 1040.37
3.239 1040.93
3.24 1041.48
3.241 1042.01
3.242 1042.54
3.243 1043.07
3.244 1043.58
3.245 1044.08
3.246 1044.57
3.247 1045.05
3.248 1045.52
3.249 1045.98
3.25 1046.42
3.251 1046.85
3.252 1047.26
3.253 1047.65
3.254 1048.02
3.255 1048.38
3.256 1048.71
3.257 1049.02
3.258 1049.3
3.259 1049.57
3.26 1049.8
3.261 1050.01
3.262 1050.19
3.263 1050.34
3.264 1050.47
3.265 1050.56
3.266 1050.62
3.267 1050.65
3.268 1050.66
3.269 1050.63
3.27 1050.57
3.271 1050.48
3.272 1050.37
3.273 1050.23
3.274 1050.06
3.275 1049.87
3.276 1049.66
3.277 1049.43
3.278 1049.19
3.279 1048.93
3.28 1048.66
3.281 1048.39
3.282 1048.11
3.283 1047.84
3.284 1047.57
3.285 1047.32
3.286 1047.07
3.287 1046.85
3.288 1046.65
3.289 1046.47
3.29 1046.33
3.291 1046.21
3.292 1046.14
3.293 1046.1
3.294 1046.1
3.295 1046.14
3.296 1046.22
3.297 1046.34
3.298 1046.5
3.299 1046.7
3.3 1046.93
3.301 1047.2
3.302 1047.5
3.303 1047.82
3.304 1048.17
3.305 1048.55
3.306 1048.94
3.307 1049.34
3.308 1049.76
3.309 1050.19
3.31 1050.62
3.311 1051.05
3.312 1051.49
3.313 1051.92
3.314 1052.34
3.315 1052.77
3.316 1053.18
3.317 1053.59
3.318 1053.99
3.319 1054.39
3.32 1054.77
3.321 1055.13
3.322 1055.49
3.323 1055.84
3.324 1056.17
3.325 1056.49
3.326 1056.8
3.327 1057.1
3.328 1057.38
3.329 1057.65
3.33 1057.91
3.331 1058.16
3.332 1058.4
3.333 1058.63
3.334 1058.85
3.335 1059.05
3.336 1059.24
3.337 1059.41
3.338 1059.56
3.339 1059.69
3.34 1059.81
3.341 1059.91
3.342 1060
3.343 1060.07
3.344 1060.13
3.345 1060.17
3.346 1060.2
3.347 1060.22
3.348 1060.22
3.349 1060.21
3.35 1060.19
3.351 1060.15
3.352 1060.11
3.353 1060.05
3.354 1059.98
3.355 1059.9
3.356 1059.81
3.357 1059.71
3.358 1059.6
3.359 1059.48
3.36 1059.35
3.361 1059.21
3.362 1059.06
3.363 1058.91
3.364 1058.74
3.365 1058.57
3.366 1058.39
3.367 1058.21
3.368 1058.01
3.369 1057.81
3.37 1057.6
3.371 1057.39
3.372 1057.17
3.373 1056.93
3.374 1056.69
3.375 1056.42
3.376 1056.15
3.377 1055.85
3.378 1055.55
3.379 1055.22
3.38 1054.89
3.381 1054.54
3.382 1054.17
3.383 1053.8
3.384 1053.41
3.385 1053
3.386 1052.57
3.387 1052.13
3.388 1051.68
3.389 1051.2
3.39 1050.72
3.391 1050.21
3.392 1049.7
3.393 1049.16
3.394 1048.62
3.395 1048.06
3.396 1047.48
3.397 1046.89
3.398 1046.29
3.399 1045.67
3.4 1045.04
3.401 1044.4
3.402 1043.75
3.403 1043.09
3.404 1042.41
3.405 1041.73
3.406 1041.03
3.407 1040.31
3.408 1039.58
3.409 1038.84
3.41 1038.08
3.411 1037.31
3.412 1036.52
3.413 1035.73
3.414 1034.92
3.415 1034.1
3.416 1033.28
3.417 1032.45
3.418 1031.6
3.419 1030.76
3.42 1029.9
3.421 1029.05
3.422 1028.19
3.423 1027.33
3.424 1026.46
3.425 1025.6
3.426 1024.74
3.427 1023.88
3.428 1023.02
3.429 1022.17
3.43 1021.32
3.431 1020.48
3.432 1019.65
3.433 1018.83
3.434 1018.02
3.435 1017.22
3.436 1016.44
3.437 1015.67
3.438 1014.92
3.439 1014.19
3.44 1013.47
3.441 1012.77
3.442 1012.1
3.443 1011.44
3.444 1010.8
3.445 1010.19
3.446 1009.6
3.447 1009.03
3.448 1008.49
3.449 1007.97
3.45 1007.47
3.451 1006.99
3.452 1006.54
3.453 1006.1
3.454 1005.69
3.455 1005.31
3.456 1004.94
3.457 1004.6
3.458 1004.27
3.459 1003.97
3.46 1003.69
3.461 1003.42
3.462 1003.18
3.463 1002.96
3.464 1002.75
3.465 1002.56
3.466 1002.4
3.467 1002.25
3.468 1002.12
3.469 1002.02
3.47 1001.93
3.471 1001.87
3.472 1001.83
3.473 1001.81
3.474 1001.82
3.475 1001.86
3.476 1001.92
3.477 1002.01
3.478 1002.14
3.479 1002.29
3.48 1002.47
3.481 1002.69
3.482 1002.95
3.483 1003.24
3.484 1003.56
3.485 1003.93
3.486 1004.33
3.487 1004.78
3.488 1005.26
3.489 1005.78
3.49 1006.35
3.491 1006.95
3.492 1007.59
3.493 1008.27
3.494 1008.98
3.495 1009.73
3.496 1010.51
3.497 1011.33
3.498 1012.17
3.499 1013.04
3.5 1013.93
3.501 1014.84
3.502 1015.78
3.503 1016.72
3.504 1017.69
3.505 1018.66
3.506 1019.65
3.507 1020.64
3.508 1021.64
3.509 1022.64
3.51 1023.64
3.511 1024.64
3.512 1025.63
3.513 1026.63
3.514 1027.61
3.515 1028.59
3.516 1029.56
3.517 1030.52
3.518 1031.48
3.519 1032.42
3.52 1033.34
3.521 1034.26
3.522 1035.16
3.523 1036.05
3.524 1036.92
3.525 1037.78
3.526 1038.62
3.527 1039.44
3.528 1040.25
3.529 1041.05
3.53 1041.82
3.531 1042.58
3.532 1043.32
3.533 1044.04
3.534 1044.75
3.535 1045.44
3.536 1046.13
3.537 1046.8
3.538 1047.46
3.539 1048.11
3.54 1048.74
3.541 1049.36
3.542 1049.97
3.543 1050.56
3.544 1051.14
3.545 1051.7
3.546 1052.25
3.547 1052.78
3.548 1053.3
3.549 1053.8
3.55 1054.28
3.551 1054.75
3.552 1055.2
3.553 1055.63
3.554 1056.05
3.555 1056.44
3.556 1056.82
3.557 1057.17
3.558 1057.51
3.559 1057.83
3.56 1058.12
3.561 1058.4
3.562 1058.65
3.563 1058.88
3.564 1059.09
3.565 1059.28
3.566 1059.45
3.567 1059.59
3.568 1059.71
3.569 1059.8
3.57 1059.87
3.571 1059.92
3.572 1059.94
3.573 1059.94
3.574 1059.91
3.575 1059.87
3.576 1059.81
3.577 1059.74
3.578 1059.64
3.579 1059.54
3.58 1059.41
3.581 1059.27
3.582 1059.12
3.583 1058.94
3.584 1058.76
3.585 1058.55
3.586 1058.34
3.587 1058.11
3.588 1057.87
3.589 1057.61
3.59 1057.34
3.591 1057.07
3.592 1056.77
3.593 1056.47
3.594 1056.16
3.595 1055.84
3.596 1055.5
3.597 1055.16
3.598 1054.81
3.599 1054.45
3.6 1054.09
3.601 1053.72
3.602 1053.34
3.603 1052.97
3.604 1052.59
3.605 1052.21
3.606 1051.84
3.607 1051.48
3.608 1051.12
3.609 1050.78
3.61 1050.45
3.611 1050.13
3.612 1049.82
3.613 1049.53
3.614 1049.25
3.615 1048.99
3.616 1048.74
3.617 1048.51
3.618 1048.3
3.619 1048.11
3.62 1047.93
3.621 1047.78
3.622 1047.64
3.623 1047.52
3.624 1047.42
3.625 1047.34
3.626 1047.28
3.627 1047.24
3.628 1047.22
3.629 1047.21
3.63 1047.23
3.631 1047.26
3.632 1047.3
3.633 1047.36
3.634 1047.44
3.635 1047.53
3.636 1047.63
3.637 1047.74
3.638 1047.86
3.639 1047.98
3.64 1048.12
3.641 1048.26
3.642 1048.41
3.643 1048.56
3.644 1048.72
3.645 1048.88
3.646 1049.04
3.647 1049.21
3.648 1049.37
3.649 1049.53
3.65 1049.7
3.651 1049.86
3.652 1050.02
3.653 1050.19
3.654 1050.35
3.655 1050.51
3.656 1050.66
3.657 1050.82
3.658 1050.98
3.659 1051.13
3.66 1051.28
3.661 1051.43
3.662 1051.59
3.663 1051.74
3.664 1051.89
3.665 1052.03
3.666 1052.18
3.667 1052.33
3.668 1052.49
3.669 1052.64
3.67 1052.79
3.671 1052.94
3.672 1053.1
3.673 1053.25
3.674 1053.41
3.675 1053.57
3.676 1053.73
3.677 1053.89
3.678 1054.05
3.679 1054.22
3.68 1054.39
3.681 1054.55
3.682 1054.73
3.683 1054.9
3.684 1055.07
3.685 1055.25
3.686 1055.42
3.687 1055.59
3.688 1055.76
3.689 1055.93
3.69 1056.1
3.691 1056.26
3.692 1056.42
3.693 1056.58
3.694 1056.73
3.695 1056.87
3.696 1057
3.697 1057.13
3.698 1057.24
3.699 1057.35
3.7 1057.45
3.701 1057.53
3.702 1057.61
3.703 1057.67
3.704 1057.72
3.705 1057.76
3.706 1057.78
3.707 1057.79
3.708 1057.79
3.709 1057.77
3.71 1057.73
3.711 1057.69
3.712 1057.63
3.713 1057.55
3.714 1057.46
3.715 1057.35
3.716 1057.23
3.717 1057.1
3.718 1056.94
3.719 1056.77
3.72 1056.58
3.721 1056.38
3.722 1056.17
3.723 1055.94
3.724 1055.7
3.725 1055.45
3.726 1055.19
3.727 1054.92
3.728 1054.65
3.729 1054.36
3.73 1054.08
3.731 1053.78
3.732 1053.49
3.733 1053.19
3.734 1052.89
3.735 1052.59
3.736 1052.29
3.737 1051.99
3.738 1051.69
3.739 1051.4
3.74 1051.1
3.741 1050.81
3.742 1050.52
3.743 1050.24
3.744 1049.95
3.745 1049.67
3.746 1049.39
3.747 1049.12
3.748 1048.84
3.749 1048.57
3.75 1048.31
3.751 1048.04
3.752 1047.78
3.753 1047.53
3.754 1047.28
3.755 1047.03
3.756 1046.79
3.757 1046.56
3.758 1046.34
3.759 1046.12
3.76 1045.91
3.761 1045.7
3.762 1045.5
3.763 1045.31
3.764 1045.14
3.765 1044.97
3.766 1044.81
3.767 1044.66
3.768 1044.52
3.769 1044.4
3.77 1044.28
3.771 1044.17
3.772 1044.08
3.773 1043.99
3.774 1043.91
3.775 1043.84
3.776 1043.77
3.777 1043.72
3.778 1043.66
3.779 1043.61
3.78 1043.57
3.781 1043.52
3.782 1043.48
3.783 1043.43
3.784 1043.38
3.785 1043.33
3.786 1043.27
3.787 1043.21
3.788 1043.13
3.789 1043.05
3.79 1042.96
3.791 1042.86
3.792 1042.74
3.793 1042.62
3.794 1042.49
3.795 1042.34
3.796 1042.19
3.797 1042.03
3.798 1041.85
3.799 1041.67
3.8 1041.47
3.801 1041.27
3.802 1041.06
3.803 1040.84
3.804 1040.62
3.805 1040.39
3.806 1040.16
3.807 1039.92
3.808 1039.67
3.809 1039.43
3.81 1039.18
3.811 1038.93
3.812 1038.68
3.813 1038.43
3.814 1038.18
3.815 1037.93
3.816 1037.69
3.817 1037.44
3.818 1037.21
3.819 1036.97
3.82 1036.75
3.821 1036.53
3.822 1036.31
3.823 1036.1
3.824 1035.9
3.825 1035.71
3.826 1035.53
3.827 1035.36
3.828 1035.2
3.829 1035.04
3.83 1034.9
3.831 1034.78
3.832 1034.66
3.833 1034.56
3.834 1034.47
3.835 1034.39
3.836 1034.33
3.837 1034.28
3.838 1034.25
3.839 1034.23
3.84 1034.23
3.841 1034.25
3.842 1034.28
3.843 1034.33
3.844 1034.4
3.845 1034.48
3.846 1034.58
3.847 1034.7
3.848 1034.82
3.849 1034.95
3.85 1035.1
3.851 1035.26
3.852 1035.42
3.853 1035.6
3.854 1035.79
3.855 1035.99
3.856 1036.21
3.857 1036.43
3.858 1036.66
3.859 1036.9
3.86 1037.14
3.861 1037.4
3.862 1037.66
3.863 1037.93
3.864 1038.2
3.865 1038.48
3.866 1038.77
3.867 1039.06
3.868 1039.35
3.869 1039.65
3.87 1039.95
3.871 1040.24
3.872 1040.55
3.873 1040.85
3.874 1041.15
3.875 1041.44
3.876 1041.74
3.877 1042.04
3.878 1042.33
3.879 1042.62
3.88 1042.91
3.881 1043.19
3.882 1043.47
3.883 1043.74
3.884 1044.01
3.885 1044.27
3.886 1044.53
3.887 1044.78
3.888 1045.02
3.889 1045.26
3.89 1045.49
3.891 1045.72
3.892 1045.94
3.893 1046.15
3.894 1046.36
3.895 1046.56
3.896 1046.75
3.897 1046.93
3.898 1047.11
3.899 1047.28
3.9 1047.45
3.901 1047.6
3.902 1047.75
3.903 1047.89
3.904 1048.03
3.905 1048.15
3.906 1048.27
3.907 1048.39
3.908 1048.49
3.909 1048.59
3.91 1048.69
3.911 1048.77
3.912 1048.86
3.913 1048.93
3.914 1049.01
3.915 1049.09
3.916 1049.16
3.917 1049.24
3.918 1049.33
3.919 1049.41
3.92 1049.5
3.921 1049.58
3.922 1049.67
3.923 1049.77
3.924 1049.86
3.925 1049.95
3.926 1050.04
3.927 1050.14
3.928 1050.24
3.929 1050.33
3.93 1050.43
3.931 1050.53
3.932 1050.64
3.933 1050.74
3.934 1050.85
3.935 1050.95
3.936 1051.06
3.937 1051.17
3.938 1051.28
3.939 1051.39
3.94 1051.51
3.941 1051.62
3.942 1051.73
3.943 1051.85
3.944 1051.96
3.945 1052.08
3.946 1052.19
3.947 1052.31
3.948 1052.42
3.949 1052.53
3.95 1052.64
3.951 1052.75
3.952 1052.86
3.953 1052.96
3.954 1053.06
3.955 1053.16
3.956 1053.25
3.957 1053.34
3.958 1053.43
3.959 1053.51
3.96 1053.6
3.961 1053.68
3.962 1053.76
3.963 1053.84
3.964 1053.91
3.965 1053.98
3.966 1054.05
3.967 1054.11
3.968 1054.17
3.969 1054.22
3.97 1054.26
3.971 1054.28
3.972 1054.3
3.973 1054.3
3.974 1054.29
3.975 1054.27
3.976 1054.24
3.977 1054.2
3.978 1054.14
3.979 1054.07
3.98 1053.99
3.981 1053.89
3.982 1053.78
3.983 1053.65
3.984 1053.52
3.985 1053.37
3.986 1053.2
3.987 1053.03
3.988 1052.85
3.989 1052.65
3.99 1052.45
3.991 1052.23
3.992 1052.01
3.993 1051.77
3.994 1051.52
3.995 1051.27
3.996 1051
3.997 1050.73
3.998 1050.45
3.999 1050.16
4 1049.87
4.001 1049.56
4.002 1049.26
4.003 1048.94
4.004 1048.62
4.005 1048.3
4.006 1047.97
4.007 1047.64
4.008 1047.31
4.009 1046.97
4.01 1046.64
4.011 1046.3
4.012 1045.96
4.013 1045.62
4.014 1045.29
4.015 1044.95
4.016 1044.62
4.017 1044.28
4.018 1043.95
4.019 1043.63
4.02 1043.3
4.021 1042.98
4.022 1042.67
4.023 1042.36
4.024 1042.05
4.025 1041.75
4.026 1041.45
4.027 1041.16
4.028 1040.87
4.029 1040.59
4.03 1040.31
4.031 1040.04
4.032 1039.78
4.033 1039.52
4.034 1039.27
4.035 1039.03
4.036 1038.79
4.037 1038.56
4.038 1038.33
4.039 1038.11
4.04 1037.89
4.041 1037.69
4.042 1037.48
4.043 1037.29
4.044 1037.1
4.045 1036.92
4.046 1036.76
4.047 1036.61
4.048 1036.47
4.049 1036.34
4.05 1036.23
4.051 1036.13
4.052 1036.05
4.053 1035.97
4.054 1035.91
4.055 1035.87
4.056 1035.84
4.057 1035.82
4.058 1035.82
4.059 1035.83
4.06 1035.86
4.061 1035.9
4.062 1035.96
4.063 1036.04
4.064 1036.12
4.065 1036.23
4.066 1036.35
4.067 1036.48
4.068 1036.63
4.069 1036.8
4.07 1036.98
4.071 1037.17
4.072 1037.38
4.073 1037.6
4.074 1037.84
4.075 1038.09
4.076 1038.35
4.077 1038.62
4.078 1038.91
4.079 1039.2
4.08 1039.51
4.081 1039.82
4.082 1040.15
4.083 1040.48
4.084 1040.82
4.085 1041.17
4.086 1041.52
4.087 1041.89
4.088 1042.25
4.089 1042.62
4.09 1043
4.091 1043.38
4.092 1043.76
4.093 1044.15
4.094 1044.53
4.095 1044.92
4.096 1045.31
4.097 1045.71
4.098 1046.1
4.099 1046.49
4.1 1046.89
4.101 1047.29
4.102 1047.69
4.103 1048.09
4.104 1048.48
4.105 1048.88
4.106 1049.28
4.107 1049.68
4.108 1050.07
4.109 1050.46
4.11 1050.86
4.111 1051.25
4.112 1051.63
4.113 1052.02
4.114 1052.4
4.115 1052.77
4.116 1053.15
4.117 1053.52
4.118 1053.88
4.119 1054.24
4.12 1054.6
4.121 1054.95
4.122 1055.29
4.123 1055.64
4.124 1055.98
4.125 1056.31
4.126 1056.64
4.127 1056.96
4.128 1057.28
4.129 1057.59
4.13 1057.9
4.131 1058.19
4.132 1058.48
4.133 1058.76
4.134 1059.03
4.135 1059.29
4.136 1059.54
4.137 1059.79
4.138 1060.02
4.139 1060.24
4.14 1060.44
4.141 1060.64
4.142 1060.83
4.143 1061
4.144 1061.16
4.145 1061.31
4.146 1061.45
4.147 1061.57
4.148 1061.68
4.149 1061.78
4.15 1061.87
4.151 1061.95
4.152 1062.01
4.153 1062.07
4.154 1062.11
4.155 1062.14
4.156 1062.16
4.157 1062.16
4.158 1062.16
4.159 1062.14
4.16 1062.12
4.161 1062.08
4.162 1062.03
4.163 1061.97
4.164 1061.9
4.165 1061.82
4.166 1061.73
4.167 1061.63
4.168 1061.52
4.169 1061.41
4.17 1061.28
4.171 1061.16
4.172 1061.03
4.173 1060.9
4.174 1060.76
4.175 1060.63
4.176 1060.49
4.177 1060.34
4.178 1060.19
4.179 1060.04
4.18 1059.89
4.181 1059.73
4.182 1059.57
4.183 1059.4
4.184 1059.23
4.185 1059.05
4.186 1058.87
4.187 1058.69
4.188 1058.49
4.189 1058.3
4.19 1058.09
4.191 1057.88
4.192 1057.66
4.193 1057.44
4.194 1057.2
4.195 1056.96
4.196 1056.71
4.197 1056.45
4.198 1056.18
4.199 1055.9
4.2 1055.61
4.201 1055.31
4.202 1055
4.203 1054.68
4.204 1054.35
4.205 1054
4.206 1053.65
4.207 1053.28
4.208 1052.9
4.209 1052.5
4.21 1052.1
4.211 1051.68
4.212 1051.25
4.213 1050.82
4.214 1050.36
4.215 1049.9
4.216 1049.43
4.217 1048.95
4.218 1048.46
4.219 1047.97
4.22 1047.46
4.221 1046.95
4.222 1046.44
4.223 1045.92
4.224 1045.4
4.225 1044.88
4.226 1044.35
4.227 1043.83
4.228 1043.31
4.229 1042.8
4.23 1042.29
4.231 1041.79
4.232 1041.29
4.233 1040.82
4.234 1040.35
4.235 1039.9
4.236 1039.47
4.237 1039.06
4.238 1038.68
4.239 1038.31
4.24 1037.98
4.241 1037.67
4.242 1037.39
4.243 1037.14
4.244 1036.92
4.245 1036.73
4.246 1036.58
4.247 1036.45
4.248 1036.36
4.249 1036.29
4.25 1036.24
4.251 1036.22
4.252 1036.21
4.253 1036.22
4.254 1036.24
4.255 1036.28
4.256 1036.32
4.257 1036.38
4.258 1036.44
4.259 1036.5
4.26 1036.56
4.261 1036.63
4.262 1036.68
4.263 1036.73
4.264 1036.78
4.265 1036.81
4.266 1036.83
4.267 1036.84
4.268 1036.84
4.269 1036.82
4.27 1036.79
4.271 1036.73
4.272 1036.66
4.273 1036.57
4.274 1036.46
4.275 1036.33
4.276 1036.19
4.277 1036.03
4.278 1035.85
4.279 1035.67
4.28 1035.46
4.281 1035.25
4.282 1035.03
4.283 1034.8
4.284 1034.56
4.285 1034.31
4.286 1034.05
4.287 1033.8
4.288 1033.54
4.289 1033.27
4.29 1033.01
4.291 1032.75
4.292 1032.49
4.293 1032.23
4.294 1031.97
4.295 1031.71
4.296 1031.46
4.297 1031.22
4.298 1030.98
4.299 1030.75
4.3 1030.52
4.301 1030.3
4.302 1030.09
4.303 1029.88
4.304 1029.69
4.305 1029.5
4.306 1029.32
4.307 1029.15
4.308 1028.99
4.309 1028.83
4.31 1028.69
4.311 1028.55
4.312 1028.43
4.313 1028.31
4.314 1028.2
4.315 1028.1
4.316 1028
4.317 1027.92
4.318 1027.84
4.319 1027.77
4.32 1027.7
4.321 1027.64
4.322 1027.58
4.323 1027.53
4.324 1027.48
4.325 1027.44
4.326 1027.39
4.327 1027.35
4.328 1027.31
4.329 1027.26
4.33 1027.22
4.331 1027.18
4.332 1027.13
4.333 1027.07
4.334 1027
4.335 1026.92
4.336 1026.81
4.337 1026.69
4.338 1026.56
4.339 1026.41
4.34 1026.24
4.341 1026.06
4.342 1025.85
4.343 1025.63
4.344 1025.39
4.345 1025.13
4.346 1024.86
4.347 1024.56
4.348 1024.24
4.349 1023.9
4.35 1023.54
4.351 1023.17
4.352 1022.77
4.353 1022.35
4.354 1021.91
4.355 1021.46
4.356 1020.99
4.357 1020.5
4.358 1019.99
4.359 1019.47
4.36 1018.94
4.361 1018.4
4.362 1017.84
4.363 1017.28
4.364 1016.72
4.365 1016.15
4.366 1015.58
4.367 1015.02
4.368 1014.46
4.369 1013.91
4.37 1013.38
4.371 1012.86
4.372 1012.37
4.373 1011.9
4.374 1011.45
4.375 1011.04
4.376 1010.66
4.377 1010.32
4.378 1010.01
4.379 1009.75
4.38 1009.53
4.381 1009.35
4.382 1009.22
4.383 1009.13
4.384 1009.09
4.385 1009.09
4.386 1009.13
4.387 1009.21
4.388 1009.33
4.389 1009.48
4.39 1009.67
4.391 1009.88
4.392 1010.12
4.393 1010.39
4.394 1010.67
4.395 1010.96
4.396 1011.27
4.397 1011.58
4.398 1011.9
4.399 1012.21
4.4 1012.53
4.401 1012.84
4.402 1013.14
4.403 1013.43
4.404 1013.7
4.405 1013.96
4.406 1014.2
4.407 1014.42
4.408 1014.62
4.409 1014.79
4.41 1014.94
4.411 1015.07
4.412 1015.16
4.413 1015.23
4.414 1015.27
4.415 1015.29
4.416 1015.27
4.417 1015.22
4.418 1015.15
4.419 1015.04
4.42 1014.91
4.421 1014.76
4.422 1014.57
4.423 1014.37
4.424 1014.14
4.425 1013.9
4.426 1013.65
4.427 1013.38
4.428 1013.11
4.429 1012.84
4.43 1012.57
4.431 1012.3
4.432 1012.05
4.433 1011.82
4.434 1011.61
4.435 1011.42
4.436 1011.27
4.437 1011.16
4.438 1011.09
4.439 1011.06
4.44 1011.08
4.441 1011.15
4.442 1011.27
4.443 1011.45
4.444 1011.68
4.445 1011.96
4.446 1012.29
4.447 1012.67
4.448 1013.09
4.449 1013.56
4.45 1014.07
4.451 1014.62
4.452 1015.2
4.453 1015.82
4.454 1016.46
4.455 1017.11
4.456 1017.78
4.457 1018.46
4.458 1019.14
4.459 1019.82
4.46 1020.5
4.461 1021.17
4.462 1021.83
4.463 1022.47
4.464 1023.1
4.465 1023.71
4.466 1024.3
4.467 1024.87
4.468 1025.41
4.469 1025.94
4.47 1026.45
4.471 1026.95
4.472 1027.42
4.473 1027.88
4.474 1028.32
4.475 1028.74
4.476 1029.15
4.477 1029.54
4.478 1029.92
4.479 1030.28
4.48 1030.64
4.481 1030.98
4.482 1031.32
4.483 1031.65
4.484 1031.97
4.485 1032.28
4.486 1032.59
4.487 1032.9
4.488 1033.21
4.489 1033.51
4.49 1033.81
4.491 1034.12
4.492 1034.42
4.493 1034.73
4.494 1035.03
4.495 1035.34
4.496 1035.66
4.497 1035.97
4.498 1036.29
4.499 1036.61
4.5 1036.92
4.501 1037.24
4.502 1037.56
4.503 1037.88
4.504 1038.21
4.505 1038.53
4.506 1038.84
4.507 1039.16
4.508 1039.48
4.509 1039.79
4.51 1040.09
4.511 1040.4
4.512 1040.69
4.513 1040.99
4.514 1041.27
4.515 1041.55
4.516 1041.82
4.517 1042.08
4.518 1042.33
4.519 1042.58
4.52 1042.81
4.521 1043.04
4.522 1043.25
4.523 1043.45
4.524 1043.65
4.525 1043.84
4.526 1044.01
4.527 1044.18
4.528 1044.34
4.529 1044.48
4.53 1044.62
4.531 1044.75
4.532 1044.88
4.533 1045.01
4.534 1045.14
4.535 1045.28
4.536 1045.42
4.537 1045.55
4.538 1045.69
4.539 1045.83
4.54 1045.97
4.541 1046.1
4.542 1046.24
4.543 1046.38
4.544 1046.51
4.545 1046.64
4.546 1046.77
4.547 1046.89
4.548 1046.99
4.549 1047.09
4.55 1047.18
4.551 1047.26
4.552 1047.32
4.553 1047.38
4.554 1047.42
4.555 1047.44
4.556 1047.46
4.557 1047.46
4.558 1047.44
4.559 1047.42
4.56 1047.37
4.561 1047.31
4.562 1047.24
4.563 1047.15
4.564 1047.05
4.565 1046.93
4.566 1046.79
4.567 1046.64
4.568 1046.48
4.569 1046.3
4.57 1046.11
4.571 1045.9
4.572 1045.68
4.573 1045.44
4.574 1045.2
4.575 1044.94
4.576 1044.66
4.577 1044.38
4.578 1044.09
4.579 1043.78
4.58 1043.47
4.581 1043.14
4.582 1042.81
4.583 1042.48
4.584 1042.13
4.585 1041.78
4.586 1041.43
4.587 1041.07
4.588 1040.71
4.589 1040.35
4.59 1039.99
4.591 1039.63
4.592 1039.27
4.593 1038.91
4.594 1038.56
4.595 1038.21
4.596 1037.87
4.597 1037.53
4.598 1037.21
4.599 1036.89
4.6 1036.58
4.601 1036.28
4.602 1036
4.603 1035.73
4.604 1035.46
4.605 1035.22
4.606 1034.98
4.607 1034.76
4.608 1034.56
4.609 1034.37
4.61 1034.2
4.611 1034.04
4.612 1033.89
4.613 1033.77
4.614 1033.65
4.615 1033.56
4.616 1033.48
4.617 1033.41
4.618 1033.36
4.619 1033.32
4.62 1033.3
4.621 1033.28
4.622 1033.29
4.623 1033.3
4.624 1033.33
4.625 1033.36
4.626 1033.41
4.627 1033.47
4.628 1033.53
4.629 1033.61
4.63 1033.69
4.631 1033.78
4.632 1033.87
4.633 1033.97
4.634 1034.07
4.635 1034.18
4.636 1034.3
4.637 1034.41
4.638 1034.53
4.639 1034.64
4.64 1034.76
4.641 1034.88
4.642 1035
4.643 1035.12
4.644 1035.23
4.645 1035.35
4.646 1035.46
4.647 1035.57
4.648 1035.67
4.649 1035.78
4.65 1035.88
4.651 1035.97
4.652 1036.06
4.653 1036.15
4.654 1036.23
4.655 1036.3
4.656 1036.38
4.657 1036.44
4.658 1036.5
4.659 1036.54
4.66 1036.57
4.661 1036.59
4.662 1036.61
4.663 1036.61
4.664 1036.6
4.665 1036.59
4.666 1036.56
4.667 1036.52
4.668 1036.48
4.669 1036.42
4.67 1036.36
4.671 1036.28
4.672 1036.2
4.673 1036.12
4.674 1036.02
4.675 1035.92
4.676 1035.82
4.677 1035.71
4.678 1035.6
4.679 1035.48
4.68 1035.37
4.681 1035.25
4.682 1035.14
4.683 1035.02
4.684 1034.91
4.685 1034.8
4.686 1034.7
4.687 1034.59
4.688 1034.49
4.689 1034.39
4.69 1034.3
4.691 1034.2
4.692 1034.12
4.693 1034.03
4.694 1033.94
4.695 1033.86
4.696 1033.78
4.697 1033.7
4.698 1033.63
4.699 1033.56
4.7 1033.49
4.701 1033.42
4.702 1033.35
4.703 1033.27
4.704 1033.2
4.705 1033.13
4.706 1033.05
4.707 1032.97
4.708 1032.89
4.709 1032.8
4.71 1032.71
4.711 1032.62
4.712 1032.51
4.713 1032.41
4.714 1032.29
4.715 1032.17
4.716 1032.04
4.717 1031.91
4.718 1031.77
4.719 1031.63
4.72 1031.47
4.721 1031.32
4.722 1031.15
4.723 1030.98
4.724 1030.81
4.725 1030.64
4.726 1030.46
4.727 1030.28
4.728 1030.09
4.729 1029.91
4.73 1029.72
4.731 1029.53
4.732 1029.35
4.733 1029.16
4.734 1028.98
4.735 1028.79
4.736 1028.61
4.737 1028.43
4.738 1028.25
4.739 1028.08
4.74 1027.91
4.741 1027.74
4.742 1027.58
4.743 1027.42
4.744 1027.27
4.745 1027.13
4.746 1027
4.747 1026.88
4.748 1026.77
4.749 1026.67
4.75 1026.58
4.751 1026.5
4.752 1026.44
4.753 1026.39
4.754 1026.34
4.755 1026.32
4.756 1026.3
4.757 1026.29
4.758 1026.3
4.759 1026.31
4.76 1026.34
4.761 1026.38
4.762 1026.43
4.763 1026.5
4.764 1026.57
4.765 1026.65
4.766 1026.74
4.767 1026.85
4.768 1026.96
4.769 1027.08
4.77 1027.22
4.771 1027.36
4.772 1027.5
4.773 1027.66
4.774 1027.82
4.775 1027.99
4.776 1028.17
4.777 1028.35
4.778 1028.54
4.779 1028.73
4.78 1028.93
4.781 1029.13
4.782 1029.33
4.783 1029.54
4.784 1029.75
4.785 1029.95
4.786 1030.16
4.787 1030.37
4.788 1030.57
4.789 1030.77
4.79 1030.97
4.791 1031.17
4.792 1031.35
4.793 1031.53
4.794 1031.71
4.795 1031.87
4.796 1032.03
4.797 1032.17
4.798 1032.3
4.799 1032.42
4.8 1032.51
4.801 1032.59
4.802 1032.63
4.803 1032.65
4.804 1032.63
4.805 1032.59
4.806 1032.52
4.807 1032.41
4.808 1032.26
4.809 1032.08
4.81 1031.86
4.811 1031.59
4.812 1031.28
4.813 1030.92
4.814 1030.52
4.815 1030.07
4.816 1029.58
4.817 1029.03
4.818 1028.44
4.819 1027.8
4.82 1027.11
4.821 1026.37
4.822 1025.58
4.823 1024.75
4.824 1023.87
4.825 1022.95
4.826 1021.98
4.827 1020.98
4.828 1019.93
4.829 1018.85
4.83 1017.74
4.831 1016.6
4.832 1015.44
4.833 1014.26
4.834 1013.06
4.835 1011.85
4.836 1010.64
4.837 1009.42
4.838 1008.21
4.839 1007.02
4.84 1005.83
4.841 1004.67
4.842 1003.54
4.843 1002.43
4.844 1001.36
4.845 1000.33
4.846 999.336
4.847 998.389
4.848 997.488
4.849 996.636
4.85 995.832
4.851 995.078
4.852 994.373
4.853 993.717
4.854 993.109
4.855 992.547
4.856 992.034
4.857 991.571
4.858 991.155
4.859 990.786
4.86 990.461
4.861 990.178
4.862 989.935
4.863 989.732
4.864 989.567
4.865 989.439
4.866 989.348
4.867 989.295
4.868 989.281
4.869 989.305
4.87 989.367
4.871 989.467
4.872 989.606
4.873 989.782
4.874 989.996
4.875 990.244
4.876 990.521
4.877 990.825
4.878 991.154
4.879 991.506
4.88 991.879
4.881 992.269
4.882 992.675
4.883 993.094
4.884 993.522
4.885 993.957
4.886 994.396
4.887 994.837
4.888 995.277
4.889 995.715
4.89 996.149
4.891 996.577
4.892 996.997
4.893 997.407
4.894 997.805
4.895 998.19
4.896 998.561
4.897 998.916
4.898 999.255
4.899 999.577
4.9 999.881
4.901 1000.17
4.902 1000.43
4.903 1000.68
4.904 1000.91
4.905 1001.11
4.906 1001.3
4.907 1001.46
4.908 1001.61
4.909 1001.73
4.91 1001.84
4.911 1001.92
4.912 1001.98
4.913 1002.02
4.914 1002.04
4.915 1002.04
4.916 1002.02
4.917 1001.98
4.918 1001.93
4.919 1001.86
4.92 1001.79
4.921 1001.7
4.922 1001.61
4.923 1001.52
4.924 1001.44
4.925 1001.36
4.926 1001.29
4.927 1001.23
4.928 1001.19
4.929 1001.18
4.93 1001.18
4.931 1001.22
4.932 1001.29
4.933 1001.39
4.934 1001.53
4.935 1001.71
4.936 1001.93
4.937 1002.19
4.938 1002.49
4.939 1002.83
4.94 1003.19
4.941 1003.59
4.942 1004.02
4.943 1004.46
4.944 1004.94
4.945 1005.42
4.946 1005.93
4.947 1006.44
4.948 1006.96
4.949 1007.49
4.95 1008.01
4.951 1008.52
4.952 1009.03
4.953 1009.53
4.954 1010.02
4.955 1010.48
4.956 1010.93
4.957 1011.36
4.958 1011.77
4.959 1012.15
4.96 1012.51
4.961 1012.84
4.962 1013.15
4.963 1013.44
4.964 1013.69
4.965 1013.93
4.966 1014.14
4.967 1014.32
4.968 1014.48
4.969 1014.62
4.97 1014.74
4.971 1014.84
4.972 1014.92
4.973 1014.98
4.974 1015.01
4.975 1015.04
4.976 1015.04
4.977 1015.03
4.978 1015
4.979 1014.95
4.98 1014.89
4.981 1014.81
4.982 1014.72
4.983 1014.61
4.984 1014.49
4.985 1014.35
4.986 1014.19
4.987 1014.02
4.988 1013.83
4.989 1013.63
4.99 1013.41
4.991 1013.18
4.992 1012.93
4.993 1012.66
4.994 1012.38
4.995 1012.08
4.996 1011.77
4.997 1011.45
4.998 1011.11
4.999 1010.78
