0 1040.03
0.001 1039.98
0.002 1039.9
0.003 1039.81
0.004 1039.68
0.005 1039.54
0.006 1039.37
0.007 1039.17
0.008 1038.95
0.009 1038.7
0.01 1038.43
0.011 1038.13
0.012 1037.79
0.013 1037.43
0.014 1037.04
0.015 1036.62
0.016 1036.17
0.017 1035.68
0.018 1035.15
0.019 1034.59
0.02 1033.99
0.021 1033.35
0.022 1032.67
0.023 1031.94
0.024 1031.17
0.025 1030.35
0.026 1029.48
0.027 1028.55
0.028 1027.57
0.029 1026.53
0.03 1025.43
0.031 1024.27
0.032 1023.03
0.033 1021.73
0.034 1020.35
0.035 1018.9
0.036 1017.36
0.037 1015.74
0.038 1014.03
0.039 1012.22
0.04 1010.31
0.041 1008.31
0.042 1006.19
0.043 1003.96
0.044 1001.61
0.045 999.143
0.046 996.545
0.047 993.814
0.048 990.944
0.049 987.931
0.05 984.769
0.051 981.453
0.052 977.979
0.053 974.34
0.054 970.535
0.055 966.557
0.056 962.404
0.057 958.073
0.058 953.561
0.059 948.867
0.06 943.99
0.061 938.931
0.062 933.691
0.063 928.272
0.064 922.68
0.065 916.919
0.066 910.997
0.067 904.923
0.068 898.707
0.069 892.361
0.07 885.9
0.071 879.34
0.072 872.697
0.073 865.992
0.074 859.244
0.075 852.475
0.076 845.709
0.077 838.967
0.078 832.275
0.079 825.655
0.08 819.131
0.081 812.726
0.082 806.463
0.083 800.362
0.084 794.443
0.085 788.723
0.086 783.218
0.087 777.943
0.088 772.91
0.089 768.128
0.09 763.604
0.091 759.346
0.092 755.355
0.093 751.636
0.094 748.187
0.095 745.007
0.096 742.094
0.097 739.443
0.098 737.049
0.099 734.905
0.1 733.005
0.101 731.34
0.102 729.902
0.103 728.68
0.104 727.667
0.105 726.851
0.106 726.221
0.107 725.768
0.108 725.48
0.109 725.347
0.11 725.358
0.111 725.501
0.112 725.765
0.113 726.142
0.114 726.618
0.115 727.186
0.116 727.834
0.117 728.552
0.118 729.333
0.119 730.166
0.12 731.043
0.121 731.957
0.122 732.899
0.123 733.862
0.124 734.841
0.125 735.828
0.126 736.818
0.127 737.806
0.128 738.788
0.129 739.759
0.13 740.715
0.131 741.655
0.132 742.575
0.133 743.473
0.134 744.347
0.135 745.196
0.136 746.019
0.137 746.815
0.138 747.585
0.139 748.328
0.14 749.044
0.141 749.734
0.142 750.397
0.143 751.036
0.144 751.649
0.145 752.239
0.146 752.805
0.147 753.348
0.148 753.868
0.149 754.367
0.15 754.843
0.151 755.298
0.152 755.732
0.153 756.143
0.154 756.533
0.155 756.901
0.156 757.247
0.157 757.57
0.158 757.871
0.159 758.149
0.16 758.403
0.161 758.635
0.162 758.843
0.163 759.029
0.164 759.193
0.165 759.334
0.166 759.455
0.167 759.556
0.168 759.639
0.169 759.704
0.17 759.753
0.171 759.789
0.172 759.813
0.173 759.827
0.174 759.833
0.175 759.834
0.176 759.832
0.177 759.829
0.178 759.829
0.179 759.833
0.18 759.843
0.181 759.863
0.182 759.895
0.183 759.94
0.184 760
0.185 760.078
0.186 760.176
0.187 760.294
0.188 760.435
0.189 760.6
0.19 760.789
0.191 761.003
0.192 761.244
0.193 761.511
0.194 761.805
0.195 762.126
0.196 762.475
0.197 762.852
0.198 763.255
0.199 763.687
0.2 764.145
0.201 764.631
0.202 765.145
0.203 765.686
0.204 766.254
0.205 766.85
0.206 767.473
0.207 768.125
0.208 768.804
0.209 769.511
0.21 770.247
0.211 771.011
0.212 771.804
0.213 772.624
0.214 773.472
0.215 774.347
0.216 775.248
0.217 776.175
0.218 777.126
0.219 778.1
0.22 779.096
0.221 780.111
0.222 781.143
0.223 782.19
0.224 783.25
0.225 784.32
0.226 785.398
0.227 786.479
0.228 787.563
0.229 788.645
0.23 789.723
0.231 790.793
0.232 791.853
0.233 792.901
0.234 793.932
0.235 794.946
0.236 795.939
0.237 796.909
0.238 797.854
0.239 798.773
0.24 799.663
0.241 800.525
0.242 801.356
0.243 802.156
0.244 802.924
0.245 803.661
0.246 804.366
0.247 805.039
0.248 805.682
0.249 806.294
0.25 806.877
0.251 807.433
0.252 807.961
0.253 808.464
0.254 808.944
0.255 809.402
0.256 809.839
0.257 810.257
0.258 810.658
0.259 811.044
0.26 811.416
0.261 811.775
0.262 812.123
0.263 812.46
0.264 812.788
0.265 813.106
0.266 813.416
0.267 813.717
0.268 814.009
0.269 814.292
0.27 814.564
0.271 814.826
0.272 815.075
0.273 815.312
0.274 815.533
0.275 815.737
0.276 815.923
0.277 816.09
0.278 816.234
0.279 816.354
0.28 816.449
0.281 816.517
0.282 816.555
0.283 816.564
0.284 816.542
0.285 816.487
0.286 816.398
0.287 816.276
0.288 816.121
0.289 815.931
0.29 815.708
0.291 815.452
0.292 815.164
0.293 814.845
0.294 814.497
0.295 814.122
0.296 813.723
0.297 813.3
0.298 812.858
0.299 812.399
0.3 811.927
0.301 811.444
0.302 810.955
0.303 810.463
0.304 809.972
0.305 809.486
0.306 809.009
0.307 808.545
0.308 808.099
0.309 807.673
0.31 807.273
0.311 806.901
0.312 806.562
0.313 806.257
0.314 805.992
0.315 805.767
0.316 805.587
0.317 805.452
0.318 805.365
0.319 805.327
0.32 805.339
0.321 805.402
0.322 805.516
0.323 805.681
0.324 805.897
0.325 806.162
0.326 806.477
0.327 806.838
0.328 807.246
0.329 807.697
0.33 808.19
0.331 808.723
0.332 809.293
0.333 809.897
0.334 810.534
0.335 811.2
0.336 811.894
0.337 812.611
0.338 813.35
0.339 814.107
0.34 814.881
0.341 815.668
0.342 816.467
0.343 817.274
0.344 818.087
0.345 818.905
0.346 819.725
0.347 820.545
0.348 821.363
0.349 822.177
0.35 822.986
0.351 823.788
0.352 824.581
0.353 825.365
0.354 826.137
0.355 826.897
0.356 827.643
0.357 828.375
0.358 829.091
0.359 829.79
0.36 830.473
0.361 831.137
0.362 831.783
0.363 832.41
0.364 833.017
0.365 833.604
0.366 834.171
0.367 834.717
0.368 835.242
0.369 835.746
0.37 836.229
0.371 836.69
0.372 837.131
0.373 837.55
0.374 837.949
0.375 838.326
0.376 838.683
0.377 839.02
0.378 839.337
0.379 839.634
0.38 839.912
0.381 840.172
0.382 840.413
0.383 840.637
0.384 840.843
0.385 841.033
0.386 841.207
0.387 841.366
0.388 841.51
0.389 841.64
0.39 841.757
0.391 841.861
0.392 841.952
0.393 842.032
0.394 842.102
0.395 842.161
0.396 842.21
0.397 842.25
0.398 842.281
0.399 842.304
0.4 842.319
0.401 842.327
0.402 842.328
0.403 842.321
0.404 842.309
0.405 842.29
0.406 842.266
0.407 842.235
0.408 842.199
0.409 842.157
0.41 842.109
0.411 842.056
0.412 841.997
0.413 841.933
0.414 841.862
0.415 841.786
0.416 841.703
0.417 841.614
0.418 841.519
0.419 841.416
0.42 841.307
0.421 841.191
0.422 841.067
0.423 840.936
0.424 840.797
0.425 840.649
0.426 840.493
0.427 840.329
0.428 840.156
0.429 839.974
0.43 839.783
0.431 839.583
0.432 839.374
0.433 839.155
0.434 838.927
0.435 838.689
0.436 838.442
0.437 838.185
0.438 837.919
0.439 837.644
0.44 837.36
0.441 837.067
0.442 836.764
0.443 836.454
0.444 836.135
0.445 835.808
0.446 835.473
0.447 835.131
0.448 834.781
0.449 834.425
0.45 834.063
0.451 833.695
0.452 833.321
0.453 832.942
0.454 832.559
0.455 832.171
0.456 831.78
0.457 831.386
0.458 830.989
0.459 830.59
0.46 830.19
0.461 829.788
0.462 829.385
0.463 828.983
0.464 828.58
0.465 828.178
0.466 827.778
0.467 827.379
0.468 826.982
0.469 826.588
0.47 826.197
0.471 825.809
0.472 825.425
0.473 825.045
0.474 824.669
0.475 824.298
0.476 823.933
0.477 823.572
0.478 823.217
0.479 822.868
0.48 822.525
0.481 822.188
0.482 821.858
0.483 821.534
0.484 821.217
0.485 820.907
0.486 820.604
0.487 820.308
0.488 820.019
0.489 819.738
0.49 819.463
0.491 819.196
0.492 818.936
0.493 818.683
0.494 818.437
0.495 818.199
0.496 817.967
0.497 817.742
0.498 817.525
0.499 817.314
0.5 817.109
0.501 816.911
0.502 816.72
0.503 816.534
0.504 816.355
0.505 816.182
0.506 816.014
0.507 815.852
0.508 815.695
0.509 815.543
0.51 815.396
0.511 815.253
0.512 815.115
0.513 814.981
0.514 814.852
0.515 814.725
0.516 814.603
0.517 814.483
0.518 814.367
0.519 814.253
0.52 814.141
0.521 814.032
0.522 813.925
0.523 813.819
0.524 813.715
0.525 813.611
0.526 813.509
0.527 813.408
0.528 813.307
0.529 813.206
0.53 813.105
0.531 813.003
0.532 812.902
0.533 812.799
0.534 812.696
0.535 812.591
0.536 812.485
0.537 812.378
0.538 812.268
0.539 812.158
0.54 812.045
0.541 811.929
0.542 811.812
0.543 811.692
0.544 811.569
0.545 811.444
0.546 811.316
0.547 811.185
0.548 811.051
0.549 810.914
0.55 810.774
0.551 810.63
0.552 810.483
0.553 810.333
0.554 810.18
0.555 810.023
0.556 809.862
0.557 809.698
0.558 809.531
0.559 809.36
0.56 809.185
0.561 809.007
0.562 808.825
0.563 808.64
0.564 808.451
0.565 808.259
0.566 808.063
0.567 807.863
0.568 807.661
0.569 807.454
0.57 807.244
0.571 807.031
0.572 806.814
0.573 806.594
0.574 806.371
0.575 806.144
0.576 805.914
0.577 805.681
0.578 805.444
0.579 805.205
0.58 804.962
0.581 804.717
0.582 804.468
0.583 804.216
0.584 803.962
0.585 803.704
0.586 803.444
0.587 803.181
0.588 802.915
0.589 802.647
0.59 802.376
0.591 802.102
0.592 801.826
0.593 801.548
0.594 801.268
0.595 800.985
0.596 800.7
0.597 800.413
0.598 800.124
0.599 799.834
0.6 799.542
0.601 799.248
0.602 798.95
0.603 798.647
0.604 798.34
0.605 798.028
0.606 797.711
0.607 797.39
0.608 797.066
0.609 796.737
0.61 796.405
0.611 796.07
0.612 795.731
0.613 795.39
0.614 795.046
0.615 794.699
0.616 794.35
0.617 794
0.618 793.648
0.619 793.294
0.62 792.94
0.621 792.584
0.622 792.228
0.623 791.872
0.624 791.515
0.625 791.159
0.626 790.803
0.627 790.448
0.628 790.093
0.629 789.74
0.63 789.387
0.631 789.036
0.632 788.687
0.633 788.34
0.634 787.994
0.635 787.65
0.636 787.309
0.637 786.97
0.638 786.633
0.639 786.298
0.64 785.966
0.641 785.637
0.642 785.31
0.643 784.985
0.644 784.664
0.645 784.345
0.646 784.029
0.647 783.715
0.648 783.404
0.649 783.096
0.65 782.791
0.651 782.488
0.652 782.189
0.653 781.892
0.654 781.597
0.655 781.305
0.656 781.017
0.657 780.73
0.658 780.447
0.659 780.166
0.66 779.888
0.661 779.613
0.662 779.341
0.663 779.071
0.664 778.805
0.665 778.541
0.666 778.28
0.667 778.022
0.668 777.767
0.669 777.515
0.67 777.266
0.671 777.02
0.672 776.777
0.673 776.537
0.674 776.301
0.675 776.068
0.676 775.837
0.677 775.611
0.678 775.387
0.679 775.167
0.68 774.95
0.681 774.736
0.682 774.526
0.683 774.319
0.684 774.116
0.685 773.916
0.686 773.719
0.687 773.526
0.688 773.336
0.689 773.149
0.69 772.966
0.691 772.786
0.692 772.609
0.693 772.436
0.694 772.265
0.695 772.098
0.696 771.935
0.697 771.774
0.698 771.616
0.699 771.462
0.7 771.31
0.701 771.162
0.702 771.016
0.703 770.873
0.704 770.733
0.705 770.597
0.706 770.462
0.707 770.331
0.708 770.202
0.709 770.077
0.71 769.954
0.711 769.833
0.712 769.716
0.713 769.601
0.714 769.489
0.715 769.379
0.716 769.273
0.717 769.169
0.718 769.068
0.719 768.97
0.72 768.875
0.721 768.783
0.722 768.694
0.723 768.608
0.724 768.525
0.725 768.445
0.726 768.369
0.727 768.296
0.728 768.226
0.729 768.16
0.73 768.097
0.731 768.038
0.732 767.982
0.733 767.931
0.734 767.883
0.735 767.839
0.736 767.799
0.737 767.762
0.738 767.73
0.739 767.702
0.74 767.677
0.741 767.657
0.742 767.641
0.743 767.629
0.744 767.62
0.745 767.616
0.746 767.615
0.747 767.619
0.748 767.626
0.749 767.637
0.75 767.652
0.751 767.669
0.752 767.691
0.753 767.715
0.754 767.743
0.755 767.774
0.756 767.807
0.757 767.843
0.758 767.882
0.759 767.922
0.76 767.965
0.761 768.009
0.762 768.055
0.763 768.102
0.764 768.151
0.765 768.2
0.766 768.25
0.767 768.3
0.768 768.351
0.769 768.401
0.77 768.451
0.771 768.5
0.772 768.548
0.773 768.596
0.774 768.642
0.775 768.686
0.776 768.728
0.777 768.769
0.778 768.807
0.779 768.842
0.78 768.875
0.781 768.904
0.782 768.931
0.783 768.954
0.784 768.974
0.785 768.989
0.786 769.001
0.787 769.009
0.788 769.012
0.789 769.011
0.79 769.006
0.791 768.995
0.792 768.98
0.793 768.96
0.794 768.935
0.795 768.905
0.796 768.869
0.797 768.828
0.798 768.782
0.799 768.733
0.8 768.683
0.801 768.63
0.802 768.575
0.803 768.518
0.804 768.46
0.805 768.399
0.806 768.336
0.807 768.27
0.808 768.203
0.809 768.133
0.81 768.062
0.811 767.988
0.812 767.912
0.813 767.833
0.814 767.753
0.815 767.67
0.816 767.586
0.817 767.499
0.818 767.41
0.819 767.318
0.82 767.225
0.821 767.13
0.822 767.033
0.823 766.933
0.824 766.832
0.825 766.729
0.826 766.624
0.827 766.517
0.828 766.409
0.829 766.298
0.83 766.186
0.831 766.072
0.832 765.957
0.833 765.84
0.834 765.717
0.835 765.588
0.836 765.452
0.837 765.31
0.838 765.162
0.839 765.008
0.84 764.847
0.841 764.681
0.842 764.508
0.843 764.33
0.844 764.147
0.845 763.957
0.846 763.763
0.847 763.563
0.848 763.357
0.849 763.147
0.85 762.932
0.851 762.712
0.852 762.487
0.853 762.258
0.854 762.024
0.855 761.786
0.856 761.544
0.857 761.299
0.858 761.049
0.859 760.796
0.86 760.54
0.861 760.28
0.862 760.017
0.863 759.751
0.864 759.483
0.865 759.212
0.866 758.939
0.867 758.663
0.868 758.386
0.869 758.106
0.87 757.825
0.871 757.543
0.872 757.259
0.873 756.974
0.874 756.688
0.875 756.402
0.876 756.115
0.877 755.828
0.878 755.54
0.879 755.252
0.88 754.965
0.881 754.678
0.882 754.391
0.883 754.105
0.884 753.82
0.885 753.536
0.886 753.253
0.887 752.971
0.888 752.691
0.889 752.412
0.89 752.135
0.891 751.86
0.892 751.587
0.893 751.316
0.894 751.047
0.895 750.78
0.896 750.516
0.897 750.255
0.898 749.994
0.899 749.731
0.9 749.465
0.901 749.196
0.902 748.924
0.903 748.649
0.904 748.372
0.905 748.092
0.906 747.81
0.907 747.526
0.908 747.239
0.909 746.951
0.91 746.66
0.911 746.368
0.912 746.073
0.913 745.778
0.914 745.48
0.915 745.182
0.916 744.882
0.917 744.581
0.918 744.279
0.919 743.976
0.92 743.673
0.921 743.368
0.922 743.064
0.923 742.759
0.924 742.454
0.925 742.149
0.926 741.844
0.927 741.539
0.928 741.235
0.929 740.932
0.93 740.629
0.931 740.327
0.932 740.026
0.933 739.726
0.934 739.427
0.935 739.13
0.936 738.835
0.937 738.542
0.938 738.25
0.939 737.96
0.94 737.673
0.941 737.388
0.942 737.106
0.943 736.826
0.944 736.55
0.945 736.276
0.946 736.005
0.947 735.738
0.948 735.473
0.949 735.213
0.95 734.956
0.951 734.703
0.952 734.453
0.953 734.208
0.954 733.967
0.955 733.73
0.956 733.497
0.957 733.269
0.958 733.045
0.959 732.826
0.96 732.612
0.961 732.403
0.962 732.198
0.963 731.999
0.964 731.805
0.965 731.615
0.966 731.431
0.967 731.253
0.968 731.079
0.969 730.911
0.97 730.749
0.971 730.592
0.972 730.441
0.973 730.295
0.974 730.155
0.975 730.02
0.976 729.891
0.977 729.768
0.978 729.651
0.979 729.539
0.98 729.433
0.981 729.333
0.982 729.239
0.983 729.15
0.984 729.067
0.985 728.99
0.986 728.918
0.987 728.851
0.988 728.791
0.989 728.735
0.99 728.685
0.991 728.641
0.992 728.601
0.993 728.567
0.994 728.538
0.995 728.514
0.996 728.494
0.997 728.479
0.998 728.469
0.999 728.464
1 728.462
1.001 728.465
1.002 728.472
1.003 728.483
1.004 728.497
1.005 728.515
1.006 728.536
1.007 728.561
1.008 728.588
1.009 728.619
1.01 728.652
1.011 728.687
1.012 728.725
1.013 728.764
1.014 728.806
1.015 728.849
1.016 728.894
1.017 728.94
1.018 728.987
1.019 729.035
1.02 729.083
1.021 729.132
1.022 729.181
1.023 729.231
1.024 729.28
1.025 729.329
1.026 729.378
1.027 729.426
1.028 729.473
1.029 729.519
1.03 729.564
1.031 729.608
1.032 729.65
1.033 729.693
1.034 729.739
1.035 729.789
1.036 729.841
1.037 729.896
1.038 729.954
1.039 730.014
1.04 730.077
1.041 730.141
1.042 730.208
1.043 730.277
1.044 730.347
1.045 730.419
1.046 730.492
1.047 730.567
1.048 730.642
1.049 730.719
1.05 730.796
1.051 730.874
1.052 730.952
1.053 731.031
1.054 731.109
1.055 731.188
1.056 731.266
1.057 731.343
1.058 731.42
1.059 731.497
1.06 731.572
1.061 731.646
1.062 731.718
1.063 731.79
1.064 731.859
1.065 731.926
1.066 731.992
1.067 732.055
1.068 732.115
1.069 732.173
1.07 732.229
1.071 732.281
1.072 732.33
1.073 732.375
1.074 732.418
1.075 732.456
1.076 732.491
1.077 732.521
1.078 732.548
1.079 732.57
1.08 732.588
1.081 732.601
1.082 732.609
1.083 732.613
1.084 732.611
1.085 732.605
1.086 732.593
1.087 732.576
1.088 732.553
1.089 732.526
1.09 732.492
1.091 732.453
1.092 732.408
1.093 732.357
1.094 732.301
1.095 732.238
1.096 732.168
1.097 732.092
1.098 732.011
1.099 731.926
1.1 731.836
1.101 731.742
1.102 731.643
1.103 731.54
1.104 731.432
1.105 731.319
1.106 731.202
1.107 731.08
1.108 730.954
1.109 730.824
1.11 730.689
1.111 730.55
1.112 730.407
1.113 730.26
1.114 730.108
1.115 729.953
1.116 729.794
1.117 729.631
1.118 729.464
1.119 729.293
1.12 729.119
1.121 728.942
1.122 728.762
1.123 728.578
1.124 728.391
1.125 728.201
1.126 728.009
1.127 727.814
1.128 727.617
1.129 727.417
1.13 727.215
1.131 727.011
1.132 726.805
1.133 726.597
1.134 726.388
1.135 726.177
1.136 725.965
1.137 725.752
1.138 725.538
1.139 725.323
1.14 725.108
1.141 724.892
1.142 724.676
1.143 724.46
1.144 724.243
1.145 724.027
1.146 723.812
1.147 723.597
1.148 723.382
1.149 723.169
1.15 722.956
1.151 722.745
1.152 722.535
1.153 722.326
1.154 722.119
1.155 721.914
1.156 721.711
1.157 721.51
1.158 721.306
1.159 721.097
1.16 720.884
1.161 720.667
1.162 720.445
1.163 720.22
1.164 719.99
1.165 719.757
1.166 719.52
1.167 719.28
1.168 719.037
1.169 718.791
1.17 718.542
1.171 718.291
1.172 718.037
1.173 717.78
1.174 717.522
1.175 717.262
1.176 717
1.177 716.737
1.178 716.472
1.179 716.207
1.18 715.94
1.181 715.673
1.182 715.405
1.183 715.137
1.184 714.869
1.185 714.601
1.186 714.333
1.187 714.066
1.188 713.799
1.189 713.534
1.19 713.269
1.191 713.006
1.192 712.744
1.193 712.484
1.194 712.226
1.195 711.97
1.196 711.716
1.197 711.464
1.198 711.215
1.199 710.969
1.2 710.726
1.201 710.486
1.202 710.25
1.203 710.017
1.204 709.787
1.205 709.562
1.206 709.34
1.207 709.123
1.208 708.91
1.209 708.701
1.21 708.497
1.211 708.298
1.212 708.104
1.213 707.914
1.214 707.73
1.215 707.551
1.216 707.378
1.217 707.21
1.218 707.047
1.219 706.891
1.22 706.74
1.221 706.595
1.222 706.456
1.223 706.323
1.224 706.196
1.225 706.076
1.226 705.961
1.227 705.853
1.228 705.752
1.229 705.657
1.23 705.568
1.231 705.486
1.232 705.41
1.233 705.341
1.234 705.279
1.235 705.223
1.236 705.174
1.237 705.131
1.238 705.095
1.239 705.065
1.24 705.042
1.241 705.025
1.242 705.015
1.243 705.011
1.244 705.014
1.245 705.022
1.246 705.037
1.247 705.059
1.248 705.086
1.249 705.119
1.25 705.158
1.251 705.203
1.252 705.254
1.253 705.31
1.254 705.372
1.255 705.439
1.256 705.512
1.257 705.59
1.258 705.672
1.259 705.76
1.26 705.852
1.261 705.949
1.262 706.05
1.263 706.155
1.264 706.265
1.265 706.378
1.266 706.495
1.267 706.616
1.268 706.74
1.269 706.868
1.27 706.998
1.271 707.131
1.272 707.267
1.273 707.405
1.274 707.546
1.275 707.688
1.276 707.832
1.277 707.978
1.278 708.125
1.279 708.274
1.28 708.423
1.281 708.573
1.282 708.724
1.283 708.874
1.284 709.025
1.285 709.176
1.286 709.326
1.287 709.475
1.288 709.624
1.289 709.771
1.29 709.917
1.291 710.061
1.292 710.203
1.293 710.344
1.294 710.483
1.295 710.623
1.296 710.765
1.297 710.908
1.298 711.053
1.299 711.197
1.3 711.342
1.301 711.488
1.302 711.633
1.303 711.777
1.304 711.921
1.305 712.064
1.306 712.205
1.307 712.345
1.308 712.482
1.309 712.617
1.31 712.75
1.311 712.879
1.312 713.006
1.313 713.128
1.314 713.247
1.315 713.361
1.316 713.47
1.317 713.574
1.318 713.672
1.319 713.765
1.32 713.851
1.321 713.931
1.322 714.003
1.323 714.068
1.324 714.125
1.325 714.173
1.326 714.213
1.327 714.244
1.328 714.264
1.329 714.275
1.33 714.275
1.331 714.264
1.332 714.242
1.333 714.207
1.334 714.161
1.335 714.101
1.336 714.028
1.337 713.942
1.338 713.841
1.339 713.726
1.34 713.596
1.341 713.451
1.342 713.29
1.343 713.114
1.344 712.921
1.345 712.712
1.346 712.487
1.347 712.245
1.348 711.987
1.349 711.712
1.35 711.421
1.351 711.114
1.352 710.792
1.353 710.454
1.354 710.101
1.355 709.735
1.356 709.355
1.357 708.969
1.358 708.58
1.359 708.187
1.36 707.793
1.361 707.4
1.362 707.008
1.363 706.619
1.364 706.237
1.365 705.861
1.366 705.495
1.367 705.141
1.368 704.8
1.369 704.475
1.37 704.167
1.371 703.88
1.372 703.614
1.373 703.372
1.374 703.155
1.375 702.965
1.376 702.802
1.377 702.667
1.378 702.561
1.379 702.483
1.38 702.433
1.381 702.409
1.382 702.413
1.383 702.442
1.384 702.495
1.385 702.573
1.386 702.673
1.387 702.793
1.388 702.933
1.389 703.089
1.39 703.26
1.391 703.444
1.392 703.639
1.393 703.843
1.394 704.053
1.395 704.269
1.396 704.487
1.397 704.706
1.398 704.924
1.399 705.14
1.4 705.352
1.401 705.559
1.402 705.76
1.403 705.953
1.404 706.138
1.405 706.314
1.406 706.481
1.407 706.637
1.408 706.783
1.409 706.917
1.41 707.041
1.411 707.153
1.412 707.255
1.413 707.345
1.414 707.423
1.415 707.491
1.416 707.549
1.417 707.595
1.418 707.632
1.419 707.658
1.42 707.675
1.421 707.683
1.422 707.683
1.423 707.673
1.424 707.656
1.425 707.631
1.426 707.599
1.427 707.56
1.428 707.515
1.429 707.464
1.43 707.407
1.431 707.345
1.432 707.278
1.433 707.207
1.434 707.131
1.435 707.052
1.436 706.97
1.437 706.884
1.438 706.795
1.439 706.704
1.44 706.611
1.441 706.516
1.442 706.419
1.443 706.321
1.444 706.222
1.445 706.122
1.446 706.021
1.447 705.92
1.448 705.818
1.449 705.717
1.45 705.615
1.451 705.511
1.452 705.407
1.453 705.302
1.454 705.196
1.455 705.09
1.456 704.983
1.457 704.876
1.458 704.769
1.459 704.662
1.46 704.555
1.461 704.448
1.462 704.342
1.463 704.236
1.464 704.13
1.465 704.025
1.466 703.921
1.467 703.818
1.468 703.715
1.469 703.613
1.47 703.512
1.471 703.412
1.472 703.313
1.473 703.215
1.474 703.119
1.475 703.023
1.476 702.928
1.477 702.835
1.478 702.742
1.479 702.651
1.48 702.56
1.481 702.471
1.482 702.383
1.483 702.296
1.484 702.209
1.485 702.124
1.486 702.039
1.487 701.956
1.488 701.872
1.489 701.79
1.49 701.708
1.491 701.627
1.492 701.546
1.493 701.465
1.494 701.384
1.495 701.304
1.496 701.223
1.497 701.142
1.498 701.06
1.499 700.978
1.5 700.895
1.501 700.811
1.502 700.726
1.503 700.639
1.504 700.552
1.505 700.462
1.506 700.37
1.507 700.277
1.508 700.18
1.509 700.082
1.51 699.98
1.511 699.875
1.512 699.767
1.513 699.656
1.514 699.54
1.515 699.418
1.516 699.292
1.517 699.16
1.518 699.022
1.519 698.879
1.52 698.729
1.521 698.574
1.522 698.412
1.523 698.244
1.524 698.07
1.525 697.89
1.526 697.704
1.527 697.512
1.528 697.314
1.529 697.11
1.53 696.902
1.531 696.688
1.532 696.471
1.533 696.249
1.534 696.024
1.535 695.797
1.536 695.568
1.537 695.338
1.538 695.108
1.539 694.88
1.54 694.653
1.541 694.43
1.542 694.211
1.543 693.999
1.544 693.793
1.545 693.595
1.546 693.407
1.547 693.231
1.548 693.066
1.549 692.915
1.55 692.779
1.551 692.658
1.552 692.554
1.553 692.468
1.554 692.4
1.555 692.352
1.556 692.323
1.557 692.313
1.558 692.324
1.559 692.355
1.56 692.406
1.561 692.472
1.562 692.549
1.563 692.635
1.564 692.729
1.565 692.83
1.566 692.938
1.567 693.051
1.568 693.169
1.569 693.289
1.57 693.41
1.571 693.532
1.572 693.653
1.573 693.771
1.574 693.887
1.575 693.999
1.576 694.105
1.577 694.206
1.578 694.3
1.579 694.386
1.58 694.466
1.581 694.535
1.582 694.592
1.583 694.636
1.584 694.666
1.585 694.683
1.586 694.686
1.587 694.674
1.588 694.648
1.589 694.606
1.59 694.55
1.591 694.48
1.592 694.394
1.593 694.294
1.594 694.179
1.595 694.051
1.596 693.908
1.597 693.752
1.598 693.582
1.599 693.399
1.6 693.204
1.601 692.997
1.602 692.778
1.603 692.548
1.604 692.308
1.605 692.056
1.606 691.796
1.607 691.525
1.608 691.245
1.609 690.952
1.61 690.649
1.611 690.336
1.612 690.014
1.613 689.682
1.614 689.341
1.615 688.993
1.616 688.636
1.617 688.273
1.618 687.903
1.619 687.526
1.62 687.143
1.621 686.749
1.622 686.347
1.623 685.936
1.624 685.517
1.625 685.09
1.626 684.657
1.627 684.217
1.628 683.77
1.629 683.315
1.63 682.849
1.631 682.372
1.632 681.885
1.633 681.387
1.634 680.88
1.635 680.364
1.636 679.84
1.637 679.308
1.638 678.769
1.639 678.223
1.64 677.67
1.641 677.112
1.642 676.549
1.643 675.981
1.644 675.41
1.645 674.833
1.646 674.249
1.647 673.66
1.648 673.068
1.649 672.472
1.65 671.874
1.651 671.274
1.652 670.673
1.653 670.07
1.654 669.464
1.655 668.851
1.656 668.234
1.657 667.612
1.658 666.986
1.659 666.357
1.66 665.725
1.661 665.092
1.662 664.458
1.663 663.824
1.664 663.19
1.665 662.557
1.666 661.927
1.667 661.299
1.668 660.674
1.669 660.054
1.67 659.439
1.671 658.829
1.672 658.225
1.673 657.629
1.674 657.041
1.675 656.46
1.676 655.889
1.677 655.328
1.678 654.777
1.679 654.237
1.68 653.709
1.681 653.192
1.682 652.689
1.683 652.198
1.684 651.721
1.685 651.258
1.686 650.81
1.687 650.375
1.688 649.95
1.689 649.535
1.69 649.13
1.691 648.737
1.692 648.354
1.693 647.983
1.694 647.623
1.695 647.276
1.696 646.94
1.697 646.616
1.698 646.305
1.699 646.006
1.7 645.72
1.701 645.447
1.702 645.187
1.703 644.939
1.704 644.705
1.705 644.483
1.706 644.275
1.707 644.08
1.708 643.898
1.709 643.729
1.71 643.573
1.711 643.431
1.712 643.302
1.713 643.186
1.714 643.084
1.715 642.997
1.716 642.923
1.717 642.864
1.718 642.819
1.719 642.788
1.72 642.772
1.721 642.769
1.722 642.781
1.723 642.806
1.724 642.845
1.725 642.898
1.726 642.965
1.727 643.045
1.728 643.139
1.729 643.246
1.73 643.366
1.731 643.499
1.732 643.645
1.733 643.804
1.734 643.975
1.735 644.159
1.736 644.355
1.737 644.563
1.738 644.782
1.739 645.014
1.74 645.253
1.741 645.49
1.742 645.719
1.743 645.942
1.744 646.159
1.745 646.366
1.746 646.564
1.747 646.751
1.748 646.928
1.749 647.095
1.75 647.25
1.751 647.395
1.752 647.528
1.753 647.65
1.754 647.761
1.755 647.861
1.756 647.948
1.757 648.025
1.758 648.089
1.759 648.141
1.76 648.186
1.761 648.227
1.762 648.265
1.763 648.301
1.764 648.33
1.765 648.352
1.766 648.366
1.767 648.372
1.768 648.371
1.769 648.362
1.77 648.346
1.771 648.321
1.772 648.289
1.773 648.25
1.774 648.203
1.775 648.148
1.776 648.085
1.777 648.016
1.778 647.938
1.779 647.854
1.78 647.763
1.781 647.667
1.782 647.569
1.783 647.466
1.784 647.36
1.785 647.251
1.786 647.138
1.787 647.022
1.788 646.904
1.789 646.782
1.79 646.658
1.791 646.532
1.792 646.403
1.793 646.273
1.794 646.14
1.795 646.006
1.796 645.871
1.797 645.734
1.798 645.596
1.799 645.458
1.8 645.319
1.801 645.18
1.802 645.041
1.803 644.902
1.804 644.764
1.805 644.628
1.806 644.496
1.807 644.368
1.808 644.244
1.809 644.125
1.81 644.011
1.811 643.902
1.812 643.798
1.813 643.7
1.814 643.608
1.815 643.521
1.816 643.44
1.817 643.365
1.818 643.297
1.819 643.234
1.82 643.179
1.821 643.129
1.822 643.087
1.823 643.049
1.824 643.016
1.825 642.987
1.826 642.962
1.827 642.941
1.828 642.927
1.829 642.927
1.83 642.94
1.831 642.965
1.832 643.002
1.833 643.052
1.834 643.114
1.835 643.187
1.836 643.272
1.837 643.367
1.838 643.474
1.839 643.59
1.84 643.717
1.841 643.853
1.842 643.998
1.843 644.152
1.844 644.315
1.845 644.489
1.846 644.675
1.847 644.871
1.848 645.077
1.849 645.292
1.85 645.517
1.851 645.75
1.852 645.992
1.853 646.249
1.854 646.519
1.855 646.802
1.856 647.097
1.857 647.399
1.858 647.705
1.859 648.016
1.86 648.33
1.861 648.648
1.862 648.968
1.863 649.29
1.864 649.614
1.865 649.939
1.866 650.265
1.867 650.592
1.868 650.918
1.869 651.244
1.87 651.57
1.871 651.894
1.872 652.218
1.873 652.54
1.874 652.862
1.875 653.181
1.876 653.5
1.877 653.818
1.878 654.134
1.879 654.45
1.88 654.765
1.881 655.079
1.882 655.394
1.883 655.709
1.884 656.025
1.885 656.343
1.886 656.665
1.887 656.995
1.888 657.333
1.889 657.681
1.89 658.037
1.891 658.405
1.892 658.782
1.893 659.171
1.894 659.566
1.895 659.968
1.896 660.377
1.897 660.793
1.898 661.216
1.899 661.646
1.9 662.083
1.901 662.527
1.902 662.977
1.903 663.433
1.904 663.894
1.905 664.36
1.906 664.829
1.907 665.302
1.908 665.776
1.909 666.252
1.91 666.727
1.911 667.2
1.912 667.671
1.913 668.138
1.914 668.6
1.915 669.055
1.916 669.502
1.917 669.94
1.918 670.368
1.919 670.784
1.92 671.187
1.921 671.576
1.922 671.949
1.923 672.307
1.924 672.647
1.925 672.97
1.926 673.273
1.927 673.557
1.928 673.82
1.929 674.062
1.93 674.282
1.931 674.481
1.932 674.657
1.933 674.806
1.934 674.929
1.935 675.025
1.936 675.093
1.937 675.135
1.938 675.15
1.939 675.145
1.94 675.13
1.941 675.105
1.942 675.07
1.943 675.026
1.944 674.972
1.945 674.911
1.946 674.843
1.947 674.769
1.948 674.689
1.949 674.603
1.95 674.511
1.951 674.413
1.952 674.309
1.953 674.201
1.954 674.087
1.955 673.968
1.956 673.845
1.957 673.717
1.958 673.585
1.959 673.449
1.96 673.309
1.961 673.165
1.962 673.018
1.963 672.873
1.964 672.729
1.965 672.587
1.966 672.448
1.967 672.31
1.968 672.176
1.969 672.044
1.97 671.916
1.971 671.791
1.972 671.671
1.973 671.555
1.974 671.443
1.975 671.337
1.976 671.237
1.977 671.142
1.978 671.054
1.979 670.973
1.98 670.9
1.981 670.834
1.982 670.777
1.983 670.729
1.984 670.691
1.985 670.662
1.986 670.645
1.987 670.639
1.988 670.644
1.989 670.662
1.99 670.692
1.991 670.736
1.992 670.793
1.993 670.865
1.994 670.951
1.995 671.052
1.996 671.168
1.997 671.299
1.998 671.446
1.999 671.608
2 671.786
2.001 671.98
2.002 672.189
2.003 672.413
2.004 672.653
2.005 672.907
2.006 673.176
2.007 673.458
2.008 673.754
2.009 674.063
2.01 674.384
2.011 674.716
2.012 675.057
2.013 675.407
2.014 675.766
2.015 676.132
2.016 676.504
2.017 676.882
2.018 677.265
2.019 677.652
2.02 678.045
2.021 678.442
2.022 678.843
2.023 679.247
2.024 679.654
2.025 680.062
2.026 680.471
2.027 680.88
2.028 681.288
2.029 681.694
2.03 682.099
2.031 682.501
2.032 682.899
2.033 683.294
2.034 683.684
2.035 684.07
2.036 684.449
2.037 684.823
2.038 685.191
2.039 685.551
2.04 685.905
2.041 686.251
2.042 686.589
2.043 686.919
2.044 687.24
2.045 687.553
2.046 687.856
2.047 688.15
2.048 688.435
2.049 688.709
2.05 688.973
2.051 689.227
2.052 689.471
2.053 689.703
2.054 689.925
2.055 690.135
2.056 690.34
2.057 690.539
2.058 690.733
2.059 690.921
2.06 691.104
2.061 691.28
2.062 691.45
2.063 691.614
2.064 691.77
2.065 691.92
2.066 692.063
2.067 692.198
2.068 692.325
2.069 692.444
2.07 692.555
2.071 692.657
2.072 692.745
2.073 692.819
2.074 692.877
2.075 692.919
2.076 692.945
2.077 692.952
2.078 692.942
2.079 692.913
2.08 692.865
2.081 692.799
2.082 692.713
2.083 692.609
2.084 692.485
2.085 692.341
2.086 692.178
2.087 691.994
2.088 691.791
2.089 691.569
2.09 691.326
2.091 691.063
2.092 690.783
2.093 690.487
2.094 690.178
2.095 689.855
2.096 689.518
2.097 689.167
2.098 688.805
2.099 688.429
2.1 688.041
2.101 687.642
2.102 687.233
2.103 686.814
2.104 686.386
2.105 685.952
2.106 685.511
2.107 685.063
2.108 684.605
2.109 684.14
2.11 683.668
2.111 683.192
2.112 682.713
2.113 682.233
2.114 681.754
2.115 681.276
2.116 680.803
2.117 680.335
2.118 679.875
2.119 679.423
2.12 678.979
2.121 678.544
2.122 678.12
2.123 677.706
2.124 677.304
2.125 676.914
2.126 676.536
2.127 676.171
2.128 675.817
2.129 675.476
2.13 675.145
2.131 674.826
2.132 674.52
2.133 674.227
2.134 673.944
2.135 673.666
2.136 673.39
2.137 673.116
2.138 672.842
2.139 672.567
2.14 672.289
2.141 672.007
2.142 671.72
2.143 671.427
2.144 671.127
2.145 670.818
2.146 670.501
2.147 670.175
2.148 669.838
2.149 669.492
2.15 669.135
2.151 668.767
2.152 668.389
2.153 667.997
2.154 667.592
2.155 667.173
2.156 666.74
2.157 666.295
2.158 665.839
2.159 665.371
2.16 664.893
2.161 664.406
2.162 663.91
2.163 663.407
2.164 662.898
2.165 662.384
2.166 661.866
2.167 661.345
2.168 660.821
2.169 660.297
2.17 659.772
2.171 659.248
2.172 658.726
2.173 658.207
2.174 657.69
2.175 657.178
2.176 656.668
2.177 656.163
2.178 655.661
2.179 655.164
2.18 654.671
2.181 654.184
2.182 653.701
2.183 653.223
2.184 652.75
2.185 652.281
2.186 651.817
2.187 651.358
2.188 650.902
2.189 650.451
2.19 650.003
2.191 649.559
2.192 649.118
2.193 648.681
2.194 648.248
2.195 647.819
2.196 647.393
2.197 646.972
2.198 646.553
2.199 646.136
2.2 645.719
2.201 645.301
2.202 644.884
2.203 644.469
2.204 644.057
2.205 643.649
2.206 643.248
2.207 642.855
2.208 642.472
2.209 642.101
2.21 641.743
2.211 641.403
2.212 641.08
2.213 640.778
2.214 640.497
2.215 640.24
2.216 640.008
2.217 639.802
2.218 639.621
2.219 639.465
2.22 639.333
2.221 639.226
2.222 639.145
2.223 639.087
2.224 639.054
2.225 639.043
2.226 639.055
2.227 639.087
2.228 639.139
2.229 639.208
2.23 639.294
2.231 639.394
2.232 639.507
2.233 639.631
2.234 639.765
2.235 639.908
2.236 640.057
2.237 640.211
2.238 640.37
2.239 640.533
2.24 640.699
2.241 640.867
2.242 641.036
2.243 641.208
2.244 641.382
2.245 641.557
2.246 641.735
2.247 641.916
2.248 642.1
2.249 642.288
2.25 642.476
2.251 642.666
2.252 642.858
2.253 643.055
2.254 643.256
2.255 643.462
2.256 643.675
2.257 643.896
2.258 644.124
2.259 644.361
2.26 644.608
2.261 644.864
2.262 645.131
2.263 645.408
2.264 645.696
2.265 645.995
2.266 646.304
2.267 646.624
2.268 646.955
2.269 647.295
2.27 647.645
2.271 648.002
2.272 648.364
2.273 648.731
2.274 649.103
2.275 649.479
2.276 649.861
2.277 650.245
2.278 650.633
2.279 651.023
2.28 651.416
2.281 651.811
2.282 652.206
2.283 652.602
2.284 652.997
2.285 653.391
2.286 653.784
2.287 654.174
2.288 654.561
2.289 654.945
2.29 655.326
2.291 655.702
2.292 656.074
2.293 656.441
2.294 656.803
2.295 657.159
2.296 657.507
2.297 657.846
2.298 658.177
2.299 658.499
2.3 658.812
2.301 659.117
2.302 659.414
2.303 659.702
2.304 659.981
2.305 660.255
2.306 660.526
2.307 660.795
2.308 661.061
2.309 661.324
2.31 661.585
2.311 661.843
2.312 662.099
2.313 662.351
2.314 662.6
2.315 662.844
2.316 663.082
2.317 663.314
2.318 663.539
2.319 663.76
2.32 663.977
2.321 664.188
2.322 664.394
2.323 664.595
2.324 664.789
2.325 664.978
2.326 665.16
2.327 665.336
2.328 665.505
2.329 665.666
2.33 665.819
2.331 665.964
2.332 666.1
2.333 666.23
2.334 666.356
2.335 666.478
2.336 666.595
2.337 666.707
2.338 666.813
2.339 666.912
2.34 667.005
2.341 667.09
2.342 667.167
2.343 667.235
2.344 667.295
2.345 667.345
2.346 667.385
2.347 667.415
2.348 667.433
2.349 667.435
2.35 667.422
2.351 667.393
2.352 667.352
2.353 667.297
2.354 667.229
2.355 667.148
2.356 667.053
2.357 666.945
2.358 666.824
2.359 666.689
2.36 666.542
2.361 666.382
2.362 666.211
2.363 666.028
2.364 665.836
2.365 665.634
2.366 665.425
2.367 665.208
2.368 664.986
2.369 664.76
2.37 664.532
2.371 664.303
2.372 664.076
2.373 663.851
2.374 663.632
2.375 663.42
2.376 663.218
2.377 663.029
2.378 662.854
2.379 662.695
2.38 662.554
2.381 662.433
2.382 662.334
2.383 662.257
2.384 662.205
2.385 662.177
2.386 662.176
2.387 662.201
2.388 662.252
2.389 662.326
2.39 662.423
2.391 662.542
2.392 662.683
2.393 662.845
2.394 663.03
2.395 663.234
2.396 663.458
2.397 663.7
2.398 663.96
2.399 664.239
2.4 664.535
2.401 664.846
2.402 665.171
2.403 665.507
2.404 665.852
2.405 666.205
2.406 666.562
2.407 666.922
2.408 667.28
2.409 667.633
2.41 667.98
2.411 668.318
2.412 668.647
2.413 668.964
2.414 669.269
2.415 669.559
2.416 669.834
2.417 670.094
2.418 670.339
2.419 670.569
2.42 670.782
2.421 670.977
2.422 671.153
2.423 671.309
2.424 671.446
2.425 671.562
2.426 671.656
2.427 671.729
2.428 671.779
2.429 671.807
2.43 671.811
2.431 671.792
2.432 671.75
2.433 671.679
2.434 671.58
2.435 671.452
2.436 671.296
2.437 671.112
2.438 670.899
2.439 670.659
2.44 670.39
2.441 670.094
2.442 669.771
2.443 669.421
2.444 669.045
2.445 668.643
2.446 668.216
2.447 667.764
2.448 667.292
2.449 666.801
2.45 666.292
2.451 665.767
2.452 665.226
2.453 664.67
2.454 664.101
2.455 663.52
2.456 662.928
2.457 662.327
2.458 661.717
2.459 661.101
2.46 660.479
2.461 659.854
2.462 659.227
2.463 658.599
2.464 657.971
2.465 657.347
2.466 656.726
2.467 656.111
2.468 655.503
2.469 654.904
2.47 654.314
2.471 653.737
2.472 653.173
2.473 652.624
2.474 652.093
2.475 651.581
2.476 651.089
2.477 650.619
2.478 650.173
2.479 649.751
2.48 649.354
2.481 648.985
2.482 648.644
2.483 648.333
2.484 648.05
2.485 647.796
2.486 647.571
2.487 647.376
2.488 647.213
2.489 647.083
2.49 646.987
2.491 646.925
2.492 646.899
2.493 646.909
2.494 646.956
2.495 647.042
2.496 647.169
2.497 647.336
2.498 647.543
2.499 647.79
2.5 648.075
2.501 648.398
2.502 648.758
2.503 649.154
2.504 649.584
2.505 650.047
2.506 650.54
2.507 651.06
2.508 651.602
2.509 652.165
2.51 652.747
2.511 653.344
2.512 653.955
2.513 654.578
2.514 655.212
2.515 655.854
2.516 656.504
2.517 657.158
2.518 657.815
2.519 658.471
2.52 659.126
2.521 659.778
2.522 660.424
2.523 661.062
2.524 661.689
2.525 662.303
2.526 662.904
2.527 663.49
2.528 664.059
2.529 664.613
2.53 665.149
2.531 665.668
2.532 666.169
2.533 666.651
2.534 667.115
2.535 667.56
2.536 667.986
2.537 668.394
2.538 668.782
2.539 669.153
2.54 669.505
2.541 669.839
2.542 670.155
2.543 670.453
2.544 670.735
2.545 670.998
2.546 671.244
2.547 671.477
2.548 671.696
2.549 671.904
2.55 672.101
2.551 672.286
2.552 672.461
2.553 672.625
2.554 672.779
2.555 672.924
2.556 673.059
2.557 673.186
2.558 673.305
2.559 673.415
2.56 673.518
2.561 673.614
2.562 673.702
2.563 673.784
2.564 673.859
2.565 673.928
2.566 673.991
2.567 674.048
2.568 674.101
2.569 674.148
2.57 674.19
2.571 674.227
2.572 674.261
2.573 674.289
2.574 674.314
2.575 674.335
2.576 674.352
2.577 674.366
2.578 674.377
2.579 674.384
2.58 674.387
2.581 674.387
2.582 674.385
2.583 674.379
2.584 674.37
2.585 674.359
2.586 674.345
2.587 674.332
2.588 674.32
2.589 674.309
2.59 674.3
2.591 674.294
2.592 674.288
2.593 674.285
2.594 674.284
2.595 674.284
2.596 674.286
2.597 674.29
2.598 674.297
2.599 674.306
2.6 674.318
2.601 674.332
2.602 674.348
2.603 674.366
2.604 674.385
2.605 674.407
2.606 674.431
2.607 674.461
2.608 674.496
2.609 674.535
2.61 674.579
2.611 674.627
2.612 674.679
2.613 674.734
2.614 674.793
2.615 674.855
2.616 674.92
2.617 674.986
2.618 675.056
2.619 675.126
2.62 675.199
2.621 675.272
2.622 675.347
2.623 675.423
2.624 675.499
2.625 675.575
2.626 675.652
2.627 675.729
2.628 675.806
2.629 675.883
2.63 675.96
2.631 676.038
2.632 676.121
2.633 676.208
2.634 676.301
2.635 676.399
2.636 676.501
2.637 676.61
2.638 676.723
2.639 676.839
2.64 676.96
2.641 677.086
2.642 677.216
2.643 677.353
2.644 677.495
2.645 677.643
2.646 677.799
2.647 677.961
2.648 678.131
2.649 678.309
2.65 678.494
2.651 678.688
2.652 678.89
2.653 679.101
2.654 679.319
2.655 679.547
2.656 679.782
2.657 680.025
2.658 680.275
2.659 680.533
2.66 680.797
2.661 681.067
2.662 681.342
2.663 681.622
2.664 681.905
2.665 682.192
2.666 682.479
2.667 682.768
2.668 683.055
2.669 683.337
2.67 683.614
2.671 683.883
2.672 684.144
2.673 684.395
2.674 684.637
2.675 684.867
2.676 685.085
2.677 685.289
2.678 685.479
2.679 685.654
2.68 685.813
2.681 685.956
2.682 686.081
2.683 686.191
2.684 686.286
2.685 686.367
2.686 686.433
2.687 686.483
2.688 686.518
2.689 686.537
2.69 686.54
2.691 686.527
2.692 686.498
2.693 686.454
2.694 686.393
2.695 686.317
2.696 686.226
2.697 686.12
2.698 685.999
2.699 685.865
2.7 685.717
2.701 685.557
2.702 685.384
2.703 685.2
2.704 685.006
2.705 684.802
2.706 684.589
2.707 684.369
2.708 684.145
2.709 683.92
2.71 683.693
2.711 683.465
2.712 683.238
2.713 683.012
2.714 682.789
2.715 682.569
2.716 682.353
2.717 682.143
2.718 681.938
2.719 681.739
2.72 681.548
2.721 681.368
2.722 681.198
2.723 681.041
2.724 680.895
2.725 680.761
2.726 680.64
2.727 680.53
2.728 680.433
2.729 680.346
2.73 680.268
2.731 680.199
2.732 680.138
2.733 680.084
2.734 680.039
2.735 679.999
2.736 679.966
2.737 679.938
2.738 679.914
2.739 679.894
2.74 679.877
2.741 679.862
2.742 679.848
2.743 679.834
2.744 679.82
2.745 679.805
2.746 679.788
2.747 679.77
2.748 679.749
2.749 679.725
2.75 679.697
2.751 679.664
2.752 679.626
2.753 679.583
2.754 679.533
2.755 679.476
2.756 679.412
2.757 679.339
2.758 679.259
2.759 679.171
2.76 679.073
2.761 678.966
2.762 678.85
2.763 678.725
2.764 678.59
2.765 678.445
2.766 678.291
2.767 678.127
2.768 677.955
2.769 677.773
2.77 677.583
2.771 677.381
2.772 677.168
2.773 676.944
2.774 676.711
2.775 676.47
2.776 676.22
2.777 675.965
2.778 675.705
2.779 675.441
2.78 675.175
2.781 674.909
2.782 674.645
2.783 674.384
2.784 674.128
2.785 673.879
2.786 673.639
2.787 673.411
2.788 673.195
2.789 672.996
2.79 672.813
2.791 672.649
2.792 672.506
2.793 672.385
2.794 672.287
2.795 672.214
2.796 672.167
2.797 672.146
2.798 672.15
2.799 672.179
2.8 672.23
2.801 672.304
2.802 672.4
2.803 672.517
2.804 672.654
2.805 672.81
2.806 672.983
2.807 673.171
2.808 673.373
2.809 673.588
2.81 673.812
2.811 674.043
2.812 674.281
2.813 674.524
2.814 674.768
2.815 675.012
2.816 675.256
2.817 675.496
2.818 675.732
2.819 675.961
2.82 676.184
2.821 676.398
2.822 676.603
2.823 676.798
2.824 676.982
2.825 677.155
2.826 677.313
2.827 677.458
2.828 677.587
2.829 677.702
2.83 677.803
2.831 677.888
2.832 677.959
2.833 678.015
2.834 678.057
2.835 678.085
2.836 678.101
2.837 678.106
2.838 678.1
2.839 678.083
2.84 678.056
2.841 678.02
2.842 677.974
2.843 677.918
2.844 677.854
2.845 677.781
2.846 677.699
2.847 677.61
2.848 677.512
2.849 677.406
2.85 677.292
2.851 677.17
2.852 677.041
2.853 676.902
2.854 676.754
2.855 676.595
2.856 676.427
2.857 676.25
2.858 676.062
2.859 675.865
2.86 675.658
2.861 675.441
2.862 675.214
2.863 674.977
2.864 674.731
2.865 674.475
2.866 674.21
2.867 673.939
2.868 673.663
2.869 673.382
2.87 673.096
2.871 672.806
2.872 672.513
2.873 672.217
2.874 671.919
2.875 671.619
2.876 671.318
2.877 671.018
2.878 670.719
2.879 670.422
2.88 670.129
2.881 669.84
2.882 669.557
2.883 669.28
2.884 669.011
2.885 668.75
2.886 668.496
2.887 668.251
2.888 668.016
2.889 667.791
2.89 667.578
2.891 667.378
2.892 667.191
2.893 667.018
2.894 666.859
2.895 666.716
2.896 666.588
2.897 666.475
2.898 666.379
2.899 666.298
2.9 666.234
2.901 666.186
2.902 666.153
2.903 666.136
2.904 666.134
2.905 666.148
2.906 666.175
2.907 666.217
2.908 666.273
2.909 666.342
2.91 666.424
2.911 666.518
2.912 666.624
2.913 666.741
2.914 666.87
2.915 667.008
2.916 667.157
2.917 667.316
2.918 667.483
2.919 667.659
2.92 667.843
2.921 668.033
2.922 668.228
2.923 668.429
2.924 668.634
2.925 668.843
2.926 669.056
2.927 669.274
2.928 669.496
2.929 669.724
2.93 669.957
2.931 670.195
2.932 670.436
2.933 670.682
2.934 670.93
2.935 671.182
2.936 671.436
2.937 671.692
2.938 671.948
2.939 672.204
2.94 672.459
2.941 672.712
2.942 672.965
2.943 673.216
2.944 673.465
2.945 673.711
2.946 673.956
2.947 674.198
2.948 674.437
2.949 674.673
2.95 674.906
2.951 675.136
2.952 675.362
2.953 675.585
2.954 675.803
2.955 676.018
2.956 676.229
2.957 676.435
2.958 676.637
2.959 676.835
2.96 677.027
2.961 677.216
2.962 677.399
2.963 677.577
2.964 677.751
2.965 677.919
2.966 678.081
2.967 678.235
2.968 678.383
2.969 678.523
2.97 678.655
2.971 678.78
2.972 678.899
2.973 679.012
2.974 679.118
2.975 679.217
2.976 679.309
2.977 679.394
2.978 679.471
2.979 679.542
2.98 679.605
2.981 679.66
2.982 679.708
2.983 679.747
2.984 679.78
2.985 679.804
2.986 679.82
2.987 679.826
2.988 679.822
2.989 679.806
2.99 679.779
2.991 679.74
2.992 679.688
2.993 679.623
2.994 679.546
2.995 679.457
2.996 679.357
2.997 679.247
2.998 679.128
2.999 678.999
3 678.862
3.001 678.716
3.002 678.561
3.003 678.396
3.004 678.223
3.005 678.042
3.006 677.851
3.007 677.651
3.008 677.443
3.009 677.225
3.01 676.999
3.011 676.765
3.012 676.521
3.013 676.27
3.014 676.009
3.015 675.741
3.016 675.464
3.017 675.179
3.018 674.886
3.019 674.585
3.02 674.276
3.021 673.96
3.022 673.637
3.023 673.307
3.024 672.971
3.025 672.63
3.026 672.285
3.027 671.937
3.028 671.585
3.029 671.23
3.03 670.873
3.031 670.513
3.032 670.152
3.033 669.79
3.034 669.428
3.035 669.065
3.036 668.703
3.037 668.343
3.038 667.984
3.039 667.628
3.04 667.274
3.041 666.923
3.042 666.575
3.043 666.231
3.044 665.893
3.045 665.56
3.046 665.234
3.047 664.916
3.048 664.607
3.049 664.307
3.05 664.018
3.051 663.741
3.052 663.479
3.053 663.233
3.054 663.003
3.055 662.791
3.056 662.597
3.057 662.423
3.058 662.27
3.059 662.137
3.06 662.027
3.061 661.939
3.062 661.875
3.063 661.835
3.064 661.819
3.065 661.828
3.066 661.862
3.067 661.922
3.068 662.006
3.069 662.116
3.07 662.251
3.071 662.411
3.072 662.595
3.073 662.803
3.074 663.034
3.075 663.287
3.076 663.562
3.077 663.858
3.078 664.173
3.079 664.506
3.08 664.857
3.081 665.223
3.082 665.604
3.083 665.999
3.084 666.409
3.085 666.831
3.086 667.265
3.087 667.71
3.088 668.163
3.089 668.624
3.09 669.091
3.091 669.564
3.092 670.04
3.093 670.519
3.094 670.999
3.095 671.48
3.096 671.96
3.097 672.435
3.098 672.905
3.099 673.368
3.1 673.825
3.101 674.274
3.102 674.716
3.103 675.148
3.104 675.572
3.105 675.987
3.106 676.391
3.107 676.787
3.108 677.172
3.109 677.546
3.11 677.911
3.111 678.262
3.112 678.599
3.113 678.923
3.114 679.232
3.115 679.528
3.116 679.81
3.117 680.079
3.118 680.335
3.119 680.581
3.12 680.815
3.121 681.039
3.122 681.251
3.123 681.453
3.124 681.645
3.125 681.826
3.126 681.998
3.127 682.16
3.128 682.312
3.129 682.454
3.13 682.585
3.131 682.706
3.132 682.815
3.133 682.915
3.134 683.004
3.135 683.084
3.136 683.156
3.137 683.219
3.138 683.276
3.139 683.325
3.14 683.368
3.141 683.403
3.142 683.432
3.143 683.454
3.144 683.469
3.145 683.479
3.146 683.482
3.147 683.479
3.148 683.47
3.149 683.455
3.15 683.434
3.151 683.408
3.152 683.376
3.153 683.338
3.154 683.295
3.155 683.246
3.156 683.192
3.157 683.133
3.158 683.068
3.159 682.998
3.16 682.923
3.161 682.843
3.162 682.758
3.163 682.667
3.164 682.574
3.165 682.476
3.166 682.376
3.167 682.273
3.168 682.166
3.169 682.056
3.17 681.944
3.171 681.828
3.172 681.711
3.173 681.593
3.174 681.471
3.175 681.345
3.176 681.216
3.177 681.083
3.178 680.946
3.179 680.805
3.18 680.66
3.181 680.51
3.182 680.354
3.183 680.195
3.184 680.033
3.185 679.869
3.186 679.702
3.187 679.533
3.188 679.362
3.189 679.189
3.19 679.014
3.191 678.836
3.192 678.657
3.193 678.477
3.194 678.296
3.195 678.115
3.196 677.934
3.197 677.752
3.198 677.571
3.199 677.39
3.2 677.208
3.201 677.027
3.202 676.846
3.203 676.665
3.204 676.485
3.205 676.305
3.206 676.125
3.207 675.946
3.208 675.768
3.209 675.59
3.21 675.413
3.211 675.236
3.212 675.061
3.213 674.886
3.214 674.712
3.215 674.54
3.216 674.368
3.217 674.198
3.218 674.028
3.219 673.86
3.22 673.693
3.221 673.528
3.222 673.364
3.223 673.201
3.224 673.041
3.225 672.881
3.226 672.723
3.227 672.567
3.228 672.413
3.229 672.26
3.23 672.11
3.231 671.961
3.232 671.814
3.233 671.67
3.234 671.527
3.235 671.386
3.236 671.248
3.237 671.112
3.238 670.979
3.239 670.85
3.24 670.725
3.241 670.605
3.242 670.488
3.243 670.375
3.244 670.266
3.245 670.162
3.246 670.061
3.247 669.965
3.248 669.873
3.249 669.785
3.25 669.701
3.251 669.621
3.252 669.545
3.253 669.474
3.254 669.406
3.255 669.342
3.256 669.278
3.257 669.216
3.258 669.155
3.259 669.095
3.26 669.036
3.261 668.978
3.262 668.922
3.263 668.866
3.264 668.811
3.265 668.758
3.266 668.705
3.267 668.654
3.268 668.603
3.269 668.553
3.27 668.504
3.271 668.454
3.272 668.403
3.273 668.351
3.274 668.298
3.275 668.244
3.276 668.19
3.277 668.134
3.278 668.078
3.279 668.021
3.28 667.963
3.281 667.905
3.282 667.847
3.283 667.789
3.284 667.73
3.285 667.672
3.286 667.614
3.287 667.557
3.288 667.5
3.289 667.445
3.29 667.39
3.291 667.337
3.292 667.286
3.293 667.237
3.294 667.19
3.295 667.145
3.296 667.103
3.297 667.064
3.298 667.03
3.299 667.002
3.3 666.981
3.301 666.965
3.302 666.957
3.303 666.955
3.304 666.96
3.305 666.972
3.306 666.991
3.307 667.018
3.308 667.052
3.309 667.095
3.31 667.15
3.311 667.215
3.312 667.292
3.313 667.38
3.314 667.48
3.315 667.589
3.316 667.709
3.317 667.838
3.318 667.978
3.319 668.127
3.32 668.286
3.321 668.454
3.322 668.631
3.323 668.817
3.324 669.012
3.325 669.216
3.326 669.427
3.327 669.647
3.328 669.875
3.329 670.113
3.33 670.359
3.331 670.613
3.332 670.875
3.333 671.144
3.334 671.421
3.335 671.703
3.336 671.992
3.337 672.286
3.338 672.585
3.339 672.889
3.34 673.196
3.341 673.507
3.342 673.819
3.343 674.133
3.344 674.447
3.345 674.763
3.346 675.078
3.347 675.393
3.348 675.707
3.349 676.019
3.35 676.331
3.351 676.64
3.352 676.946
3.353 677.25
3.354 677.551
3.355 677.849
3.356 678.143
3.357 678.433
3.358 678.718
3.359 679
3.36 679.276
3.361 679.548
3.362 679.814
3.363 680.076
3.364 680.332
3.365 680.583
3.366 680.827
3.367 681.067
3.368 681.3
3.369 681.528
3.37 681.749
3.371 681.965
3.372 682.176
3.373 682.384
3.374 682.589
3.375 682.791
3.376 682.989
3.377 683.184
3.378 683.377
3.379 683.57
3.38 683.76
3.381 683.95
3.382 684.137
3.383 684.324
3.384 684.509
3.385 684.693
3.386 684.875
3.387 685.057
3.388 685.237
3.389 685.415
3.39 685.592
3.391 685.769
3.392 685.943
3.393 686.117
3.394 686.289
3.395 686.46
3.396 686.63
3.397 686.797
3.398 686.962
3.399 687.125
3.4 687.285
3.401 687.442
3.402 687.597
3.403 687.749
3.404 687.899
3.405 688.046
3.406 688.191
3.407 688.332
3.408 688.472
3.409 688.608
3.41 688.742
3.411 688.873
3.412 689.001
3.413 689.126
3.414 689.248
3.415 689.368
3.416 689.484
3.417 689.597
3.418 689.707
3.419 689.814
3.42 689.917
3.421 690.018
3.422 690.114
3.423 690.208
3.424 690.298
3.425 690.384
3.426 690.466
3.427 690.545
3.428 690.62
3.429 690.69
3.43 690.757
3.431 690.82
3.432 690.878
3.433 690.933
3.434 690.982
3.435 691.027
3.436 691.068
3.437 691.104
3.438 691.135
3.439 691.161
3.44 691.182
3.441 691.198
3.442 691.208
3.443 691.213
3.444 691.213
3.445 691.207
3.446 691.195
3.447 691.177
3.448 691.153
3.449 691.123
3.45 691.086
3.451 691.043
3.452 690.995
3.453 690.942
3.454 690.885
3.455 690.824
3.456 690.758
3.457 690.687
3.458 690.611
3.459 690.53
3.46 690.443
3.461 690.351
3.462 690.253
3.463 690.148
3.464 690.038
3.465 689.92
3.466 689.796
3.467 689.664
3.468 689.524
3.469 689.376
3.47 689.222
3.471 689.06
3.472 688.891
3.473 688.715
3.474 688.53
3.475 688.337
3.476 688.135
3.477 687.923
3.478 687.703
3.479 687.473
3.48 687.232
3.481 686.981
3.482 686.719
3.483 686.446
3.484 686.161
3.485 685.865
3.486 685.556
3.487 685.235
3.488 684.902
3.489 684.556
3.49 684.197
3.491 683.825
3.492 683.439
3.493 683.041
3.494 682.629
3.495 682.205
3.496 681.767
3.497 681.317
3.498 680.855
3.499 680.381
3.5 679.895
3.501 679.399
3.502 678.893
3.503 678.378
3.504 677.854
3.505 677.324
3.506 676.787
3.507 676.246
3.508 675.702
3.509 675.156
3.51 674.61
3.511 674.066
3.512 673.525
3.513 672.99
3.514 672.464
3.515 671.949
3.516 671.446
3.517 670.957
3.518 670.485
3.519 670.032
3.52 669.6
3.521 669.19
3.522 668.804
3.523 668.445
3.524 668.113
3.525 667.81
3.526 667.537
3.527 667.296
3.528 667.088
3.529 666.912
3.53 666.77
3.531 666.661
3.532 666.587
3.533 666.546
3.534 666.539
3.535 666.565
3.536 666.624
3.537 666.714
3.538 666.835
3.539 666.986
3.54 667.166
3.541 667.373
3.542 667.606
3.543 667.863
3.544 668.144
3.545 668.447
3.546 668.77
3.547 669.113
3.548 669.472
3.549 669.848
3.55 670.238
3.551 670.642
3.552 671.057
3.553 671.483
3.554 671.919
3.555 672.362
3.556 672.813
3.557 673.27
3.558 673.731
3.559 674.196
3.56 674.664
3.561 675.134
3.562 675.605
3.563 676.078
3.564 676.551
3.565 677.023
3.566 677.493
3.567 677.961
3.568 678.426
3.569 678.887
3.57 679.343
3.571 679.794
3.572 680.238
3.573 680.676
3.574 681.107
3.575 681.53
3.576 681.944
3.577 682.35
3.578 682.746
3.579 683.132
3.58 683.507
3.581 683.872
3.582 684.225
3.583 684.567
3.584 684.896
3.585 685.213
3.586 685.516
3.587 685.807
3.588 686.084
3.589 686.347
3.59 686.596
3.591 686.831
3.592 687.051
3.593 687.256
3.594 687.446
3.595 687.623
3.596 687.785
3.597 687.933
3.598 688.067
3.599 688.185
3.6 688.288
3.601 688.375
3.602 688.446
3.603 688.5
3.604 688.539
3.605 688.561
3.606 688.566
3.607 688.555
3.608 688.528
3.609 688.484
3.61 688.423
3.611 688.346
3.612 688.252
3.613 688.141
3.614 688.012
3.615 687.867
3.616 687.705
3.617 687.525
3.618 687.326
3.619 687.108
3.62 686.872
3.621 686.617
3.622 686.344
3.623 686.053
3.624 685.744
3.625 685.418
3.626 685.075
3.627 684.715
3.628 684.339
3.629 683.949
3.63 683.544
3.631 683.127
3.632 682.699
3.633 682.261
3.634 681.815
3.635 681.363
3.636 680.907
3.637 680.45
3.638 679.995
3.639 679.544
3.64 679.1
3.641 678.667
3.642 678.248
3.643 677.845
3.644 677.464
3.645 677.106
3.646 676.775
3.647 676.474
3.648 676.207
3.649 675.975
3.65 675.781
3.651 675.627
3.652 675.515
3.653 675.444
3.654 675.417
3.655 675.432
3.656 675.49
3.657 675.59
3.658 675.728
3.659 675.905
3.66 676.117
3.661 676.362
3.662 676.637
3.663 676.939
3.664 677.265
3.665 677.611
3.666 677.975
3.667 678.352
3.668 678.741
3.669 679.137
3.67 679.538
3.671 679.942
3.672 680.345
3.673 680.747
3.674 681.144
3.675 681.535
3.676 681.918
3.677 682.292
3.678 682.656
3.679 683.009
3.68 683.349
3.681 683.677
3.682 683.993
3.683 684.295
3.684 684.583
3.685 684.859
3.686 685.121
3.687 685.37
3.688 685.606
3.689 685.83
3.69 686.042
3.691 686.241
3.692 686.43
3.693 686.608
3.694 686.776
3.695 686.933
3.696 687.082
3.697 687.222
3.698 687.353
3.699 687.476
3.7 687.592
3.701 687.702
3.702 687.804
3.703 687.901
3.704 687.992
3.705 688.078
3.706 688.16
3.707 688.236
3.708 688.309
3.709 688.378
3.71 688.444
3.711 688.506
3.712 688.566
3.713 688.623
3.714 688.677
3.715 688.73
3.716 688.781
3.717 688.83
3.718 688.877
3.719 688.923
3.72 688.968
3.721 689.012
3.722 689.054
3.723 689.094
3.724 689.131
3.725 689.166
3.726 689.2
3.727 689.231
3.728 689.261
3.729 689.289
3.73 689.315
3.731 689.339
3.732 689.362
3.733 689.384
3.734 689.404
3.735 689.422
3.736 689.439
3.737 689.454
3.738 689.468
3.739 689.481
3.74 689.492
3.741 689.501
3.742 689.509
3.743 689.516
3.744 689.52
3.745 689.524
3.746 689.526
3.747 689.526
3.748 689.525
3.749 689.522
3.75 689.517
3.751 689.511
3.752 689.503
3.753 689.493
3.754 689.481
3.755 689.468
3.756 689.452
3.757 689.435
3.758 689.416
3.759 689.395
3.76 689.371
3.761 689.346
3.762 689.319
3.763 689.289
3.764 689.257
3.765 689.223
3.766 689.187
3.767 689.148
3.768 689.107
3.769 689.064
3.77 689.019
3.771 688.97
3.772 688.92
3.773 688.868
3.774 688.813
3.775 688.756
3.776 688.697
3.777 688.636
3.778 688.572
3.779 688.506
3.78 688.438
3.781 688.367
3.782 688.294
3.783 688.219
3.784 688.141
3.785 688.06
3.786 687.978
3.787 687.892
3.788 687.804
3.789 687.714
3.79 687.621
3.791 687.526
3.792 687.428
3.793 687.327
3.794 687.224
3.795 687.119
3.796 687.011
3.797 686.902
3.798 686.792
3.799 686.681
3.8 686.568
3.801 686.454
3.802 686.339
3.803 686.223
3.804 686.105
3.805 685.987
3.806 685.867
3.807 685.747
3.808 685.626
3.809 685.504
3.81 685.381
3.811 685.257
3.812 685.133
3.813 685.009
3.814 684.884
3.815 684.759
3.816 684.633
3.817 684.507
3.818 684.381
3.819 684.256
3.82 684.13
3.821 684.005
3.822 683.88
3.823 683.756
3.824 683.633
3.825 683.51
3.826 683.388
3.827 683.267
3.828 683.146
3.829 683.026
3.83 682.907
3.831 682.789
3.832 682.671
3.833 682.554
3.834 682.438
3.835 682.321
3.836 682.204
3.837 682.088
3.838 681.97
3.839 681.852
3.84 681.733
3.841 681.612
3.842 681.49
3.843 681.365
3.844 681.238
3.845 681.107
3.846 680.973
3.847 680.835
3.848 680.693
3.849 680.546
3.85 680.393
3.851 680.236
3.852 680.072
3.853 679.903
3.854 679.727
3.855 679.545
3.856 679.357
3.857 679.162
3.858 678.962
3.859 678.756
3.86 678.545
3.861 678.329
3.862 678.109
3.863 677.886
3.864 677.662
3.865 677.437
3.866 677.212
3.867 676.99
3.868 676.772
3.869 676.558
3.87 676.351
3.871 676.153
3.872 675.965
3.873 675.788
3.874 675.625
3.875 675.476
3.876 675.344
3.877 675.229
3.878 675.134
3.879 675.058
3.88 675.002
3.881 674.968
3.882 674.956
3.883 674.964
3.884 674.995
3.885 675.046
3.886 675.118
3.887 675.21
3.888 675.32
3.889 675.447
3.89 675.59
3.891 675.747
3.892 675.917
3.893 676.098
3.894 676.289
3.895 676.487
3.896 676.692
3.897 676.9
3.898 677.11
3.899 677.321
3.9 677.531
3.901 677.739
3.902 677.945
3.903 678.146
3.904 678.343
3.905 678.535
3.906 678.72
3.907 678.9
3.908 679.074
3.909 679.241
3.91 679.401
3.911 679.556
3.912 679.704
3.913 679.846
3.914 679.983
3.915 680.115
3.916 680.241
3.917 680.363
3.918 680.481
3.919 680.595
3.92 680.706
3.921 680.816
3.922 680.924
3.923 681.031
3.924 681.137
3.925 681.243
3.926 681.348
3.927 681.453
3.928 681.557
3.929 681.661
3.93 681.765
3.931 681.868
3.932 681.971
3.933 682.074
3.934 682.176
3.935 682.277
3.936 682.378
3.937 682.477
3.938 682.576
3.939 682.673
3.94 682.77
3.941 682.865
3.942 682.959
3.943 683.052
3.944 683.144
3.945 683.234
3.946 683.324
3.947 683.412
3.948 683.5
3.949 683.586
3.95 683.673
3.951 683.759
3.952 683.844
3.953 683.928
3.954 684.013
3.955 684.097
3.956 684.182
3.957 684.267
3.958 684.353
3.959 684.441
3.96 684.529
3.961 684.62
3.962 684.712
3.963 684.806
3.964 684.903
3.965 685.002
3.966 685.103
3.967 685.207
3.968 685.314
3.969 685.423
3.97 685.535
3.971 685.65
3.972 685.767
3.973 685.886
3.974 686.007
3.975 686.131
3.976 686.256
3.977 686.383
3.978 686.511
3.979 686.64
3.98 686.769
3.981 686.898
3.982 687.028
3.983 687.156
3.984 687.284
3.985 687.411
3.986 687.536
3.987 687.659
3.988 687.78
3.989 687.898
3.99 688.013
3.991 688.124
3.992 688.232
3.993 688.336
3.994 688.436
3.995 688.532
3.996 688.623
3.997 688.71
3.998 688.791
3.999 688.868
4 688.939
4.001 689.006
4.002 689.068
4.003 689.124
4.004 689.176
4.005 689.223
4.006 689.265
4.007 689.302
4.008 689.335
4.009 689.363
4.01 689.387
4.011 689.407
4.012 689.424
4.013 689.436
4.014 689.447
4.015 689.456
4.016 689.464
4.017 689.472
4.018 689.478
4.019 689.484
4.02 689.49
4.021 689.497
4.022 689.503
4.023 689.511
4.024 689.519
4.025 689.529
4.026 689.54
4.027 689.552
4.028 689.566
4.029 689.582
4.03 689.6
4.031 689.621
4.032 689.643
4.033 689.667
4.034 689.694
4.035 689.723
4.036 689.754
4.037 689.787
4.038 689.822
4.039 689.859
4.04 689.898
4.041 689.938
4.042 689.98
4.043 690.024
4.044 690.068
4.045 690.114
4.046 690.16
4.047 690.207
4.048 690.255
4.049 690.302
4.05 690.35
4.051 690.397
4.052 690.443
4.053 690.489
4.054 690.534
4.055 690.578
4.056 690.62
4.057 690.661
4.058 690.699
4.059 690.736
4.06 690.771
4.061 690.803
4.062 690.832
4.063 690.859
4.064 690.883
4.065 690.904
4.066 690.921
4.067 690.935
4.068 690.946
4.069 690.952
4.07 690.955
4.071 690.954
4.072 690.948
4.073 690.939
4.074 690.924
4.075 690.904
4.076 690.88
4.077 690.85
4.078 690.815
4.079 690.774
4.08 690.727
4.081 690.674
4.082 690.613
4.083 690.546
4.084 690.471
4.085 690.389
4.086 690.298
4.087 690.198
4.088 690.088
4.089 689.967
4.09 689.834
4.091 689.69
4.092 689.533
4.093 689.362
4.094 689.178
4.095 688.978
4.096 688.762
4.097 688.53
4.098 688.281
4.099 688.015
4.1 687.729
4.101 687.424
4.102 687.098
4.103 686.75
4.104 686.379
4.105 685.985
4.106 685.567
4.107 685.124
4.108 684.655
4.109 684.16
4.11 683.638
4.111 683.09
4.112 682.515
4.113 681.915
4.114 681.289
4.115 680.638
4.116 679.965
4.117 679.271
4.118 678.557
4.119 677.828
4.12 677.086
4.121 676.335
4.122 675.579
4.123 674.822
4.124 674.07
4.125 673.327
4.126 672.6
4.127 671.894
4.128 671.217
4.129 670.574
4.13 669.971
4.131 669.415
4.132 668.912
4.133 668.466
4.134 668.083
4.135 667.765
4.136 667.517
4.137 667.34
4.138 667.236
4.139 667.205
4.14 667.246
4.141 667.358
4.142 667.538
4.143 667.784
4.144 668.09
4.145 668.453
4.146 668.868
4.147 669.329
4.148 669.831
4.149 670.369
4.15 670.937
4.151 671.531
4.152 672.144
4.153 672.773
4.154 673.412
4.155 674.057
4.156 674.705
4.157 675.348
4.158 675.983
4.159 676.607
4.16 677.216
4.161 677.81
4.162 678.385
4.163 678.941
4.164 679.475
4.165 679.987
4.166 680.475
4.167 680.939
4.168 681.379
4.169 681.793
4.17 682.182
4.171 682.546
4.172 682.883
4.173 683.195
4.174 683.482
4.175 683.743
4.176 683.979
4.177 684.19
4.178 684.377
4.179 684.54
4.18 684.679
4.181 684.794
4.182 684.887
4.183 684.958
4.184 685.006
4.185 685.034
4.186 685.04
4.187 685.026
4.188 684.992
4.189 684.938
4.19 684.866
4.191 684.775
4.192 684.666
4.193 684.54
4.194 684.396
4.195 684.237
4.196 684.061
4.197 683.869
4.198 683.663
4.199 683.442
4.2 683.206
4.201 682.957
4.202 682.695
4.203 682.42
4.204 682.133
4.205 681.834
4.206 681.524
4.207 681.204
4.208 680.873
4.209 680.532
4.21 680.183
4.211 679.825
4.212 679.46
4.213 679.088
4.214 678.709
4.215 678.325
4.216 677.937
4.217 677.545
4.218 677.15
4.219 676.753
4.22 676.355
4.221 675.957
4.222 675.561
4.223 675.167
4.224 674.776
4.225 674.39
4.226 674.01
4.227 673.637
4.228 673.272
4.229 672.915
4.23 672.567
4.231 672.231
4.232 671.907
4.233 671.596
4.234 671.301
4.235 671.021
4.236 670.759
4.237 670.515
4.238 670.291
4.239 670.087
4.24 669.904
4.241 669.742
4.242 669.604
4.243 669.488
4.244 669.395
4.245 669.325
4.246 669.278
4.247 669.254
4.248 669.253
4.249 669.274
4.25 669.316
4.251 669.379
4.252 669.461
4.253 669.563
4.254 669.682
4.255 669.817
4.256 669.968
4.257 670.133
4.258 670.311
4.259 670.5
4.26 670.7
4.261 670.908
4.262 671.124
4.263 671.346
4.264 671.574
4.265 671.805
4.266 672.04
4.267 672.276
4.268 672.514
4.269 672.752
4.27 672.989
4.271 673.224
4.272 673.458
4.273 673.688
4.274 673.916
4.275 674.14
4.276 674.359
4.277 674.574
4.278 674.784
4.279 674.988
4.28 675.187
4.281 675.38
4.282 675.566
4.283 675.747
4.284 675.921
4.285 676.088
4.286 676.248
4.287 676.402
4.288 676.548
4.289 676.688
4.29 676.821
4.291 676.948
4.292 677.067
4.293 677.18
4.294 677.286
4.295 677.384
4.296 677.476
4.297 677.56
4.298 677.636
4.299 677.704
4.3 677.762
4.301 677.811
4.302 677.85
4.303 677.881
4.304 677.902
4.305 677.914
4.306 677.916
4.307 677.91
4.308 677.895
4.309 677.871
4.31 677.838
4.311 677.797
4.312 677.747
4.313 677.689
4.314 677.624
4.315 677.55
4.316 677.469
4.317 677.381
4.318 677.286
4.319 677.185
4.32 677.078
4.321 676.965
4.322 676.847
4.323 676.726
4.324 676.601
4.325 676.473
4.326 676.342
4.327 676.209
4.328 676.074
4.329 675.937
4.33 675.799
4.331 675.661
4.332 675.523
4.333 675.385
4.334 675.249
4.335 675.115
4.336 674.985
4.337 674.857
4.338 674.734
4.339 674.617
4.34 674.504
4.341 674.399
4.342 674.3
4.343 674.21
4.344 674.127
4.345 674.054
4.346 673.99
4.347 673.937
4.348 673.893
4.349 673.86
4.35 673.838
4.351 673.825
4.352 673.824
4.353 673.833
4.354 673.852
4.355 673.881
4.356 673.919
4.357 673.97
4.358 674.034
4.359 674.109
4.36 674.195
4.361 674.291
4.362 674.396
4.363 674.509
4.364 674.629
4.365 674.755
4.366 674.884
4.367 675.017
4.368 675.152
4.369 675.288
4.37 675.42
4.371 675.547
4.372 675.668
4.373 675.781
4.374 675.887
4.375 675.983
4.376 676.068
4.377 676.143
4.378 676.205
4.379 676.255
4.38 676.292
4.381 676.315
4.382 676.324
4.383 676.319
4.384 676.3
4.385 676.266
4.386 676.218
4.387 676.157
4.388 676.081
4.389 675.993
4.39 675.892
4.391 675.78
4.392 675.656
4.393 675.523
4.394 675.378
4.395 675.219
4.396 675.046
4.397 674.86
4.398 674.664
4.399 674.457
4.4 674.241
4.401 674.018
4.402 673.788
4.403 673.552
4.404 673.312
4.405 673.069
4.406 672.823
4.407 672.575
4.408 672.327
4.409 672.077
4.41 671.828
4.411 671.579
4.412 671.33
4.413 671.082
4.414 670.835
4.415 670.588
4.416 670.342
4.417 670.096
4.418 669.85
4.419 669.603
4.42 669.356
4.421 669.107
4.422 668.856
4.423 668.604
4.424 668.349
4.425 668.092
4.426 667.832
4.427 667.568
4.428 667.302
4.429 667.031
4.43 666.757
4.431 666.48
4.432 666.2
4.433 665.916
4.434 665.629
4.435 665.34
4.436 665.048
4.437 664.755
4.438 664.46
4.439 664.165
4.44 663.869
4.441 663.573
4.442 663.278
4.443 662.984
4.444 662.691
4.445 662.401
4.446 662.113
4.447 661.829
4.448 661.548
4.449 661.271
4.45 660.997
4.451 660.729
4.452 660.465
4.453 660.206
4.454 659.952
4.455 659.703
4.456 659.459
4.457 659.221
4.458 658.989
4.459 658.763
4.46 658.543
4.461 658.328
4.462 658.121
4.463 657.919
4.464 657.725
4.465 657.537
4.466 657.358
4.467 657.185
4.468 657.022
4.469 656.867
4.47 656.721
4.471 656.585
4.472 656.46
4.473 656.346
4.474 656.244
4.475 656.154
4.476 656.078
4.477 656.015
4.478 655.968
4.479 655.936
4.48 655.92
4.481 655.921
4.482 655.939
4.483 655.974
4.484 656.028
4.485 656.101
4.486 656.192
4.487 656.302
4.488 656.432
4.489 656.58
4.49 656.747
4.491 656.932
4.492 657.136
4.493 657.357
4.494 657.595
4.495 657.85
4.496 658.12
4.497 658.407
4.498 658.71
4.499 659.027
4.5 659.358
4.501 659.701
4.502 660.056
4.503 660.421
4.504 660.794
4.505 661.175
4.506 661.562
4.507 661.955
4.508 662.353
4.509 662.754
4.51 663.158
4.511 663.563
4.512 663.97
4.513 664.377
4.514 664.783
4.515 665.188
4.516 665.591
4.517 665.991
4.518 666.389
4.519 666.784
4.52 667.174
4.521 667.561
4.522 667.943
4.523 668.321
4.524 668.693
4.525 669.061
4.526 669.424
4.527 669.781
4.528 670.133
4.529 670.479
4.53 670.819
4.531 671.153
4.532 671.481
4.533 671.804
4.534 672.121
4.535 672.434
4.536 672.742
4.537 673.046
4.538 673.345
4.539 673.64
4.54 673.931
4.541 674.219
4.542 674.502
4.543 674.781
4.544 675.057
4.545 675.33
4.546 675.599
4.547 675.866
4.548 676.13
4.549 676.391
4.55 676.651
4.551 676.909
4.552 677.166
4.553 677.421
4.554 677.675
4.555 677.928
4.556 678.179
4.557 678.429
4.558 678.678
4.559 678.925
4.56 679.17
4.561 679.414
4.562 679.655
4.563 679.895
4.564 680.131
4.565 680.365
4.566 680.595
4.567 680.823
4.568 681.046
4.569 681.266
4.57 681.484
4.571 681.7
4.572 681.913
4.573 682.123
4.574 682.329
4.575 682.531
4.576 682.727
4.577 682.918
4.578 683.102
4.579 683.279
4.58 683.449
4.581 683.61
4.582 683.763
4.583 683.907
4.584 684.041
4.585 684.165
4.586 684.279
4.587 684.382
4.588 684.473
4.589 684.554
4.59 684.622
4.591 684.678
4.592 684.727
4.593 684.77
4.594 684.808
4.595 684.84
4.596 684.866
4.597 684.887
4.598 684.903
4.599 684.916
4.6 684.926
4.601 684.935
4.602 684.942
4.603 684.947
4.604 684.951
4.605 684.953
4.606 684.954
4.607 684.955
4.608 684.956
4.609 684.956
4.61 684.957
4.611 684.958
4.612 684.96
4.613 684.963
4.614 684.968
4.615 684.974
4.616 684.981
4.617 684.991
4.618 685.003
4.619 685.018
4.62 685.035
4.621 685.054
4.622 685.077
4.623 685.103
4.624 685.13
4.625 685.159
4.626 685.189
4.627 685.22
4.628 685.253
4.629 685.287
4.63 685.323
4.631 685.36
4.632 685.398
4.633 685.437
4.634 685.477
4.635 685.519
4.636 685.561
4.637 685.604
4.638 685.648
4.639 685.692
4.64 685.737
4.641 685.782
4.642 685.828
4.643 685.874
4.644 685.92
4.645 685.966
4.646 686.012
4.647 686.057
4.648 686.103
4.649 686.149
4.65 686.194
4.651 686.239
4.652 686.283
4.653 686.327
4.654 686.371
4.655 686.414
4.656 686.457
4.657 686.499
4.658 686.541
4.659 686.582
4.66 686.623
4.661 686.664
4.662 686.704
4.663 686.744
4.664 686.783
4.665 686.822
4.666 686.861
4.667 686.899
4.668 686.937
4.669 686.974
4.67 687.012
4.671 687.049
4.672 687.086
4.673 687.123
4.674 687.159
4.675 687.195
4.676 687.231
4.677 687.267
4.678 687.301
4.679 687.335
4.68 687.368
4.681 687.4
4.682 687.431
4.683 687.461
4.684 687.49
4.685 687.518
4.686 687.545
4.687 687.571
4.688 687.596
4.689 687.619
4.69 687.641
4.691 687.662
4.692 687.681
4.693 687.698
4.694 687.714
4.695 687.728
4.696 687.739
4.697 687.749
4.698 687.757
4.699 687.762
4.7 687.764
4.701 687.765
4.702 687.763
4.703 687.76
4.704 687.753
4.705 687.745
4.706 687.734
4.707 687.72
4.708 687.703
4.709 687.683
4.71 687.659
4.711 687.633
4.712 687.603
4.713 687.569
4.714 687.532
4.715 687.491
4.716 687.446
4.717 687.397
4.718 687.343
4.719 687.285
4.72 687.223
4.721 687.155
4.722 687.082
4.723 687.004
4.724 686.922
4.725 686.834
4.726 686.741
4.727 686.644
4.728 686.543
4.729 686.438
4.73 686.329
4.731 686.217
4.732 686.1
4.733 685.981
4.734 685.858
4.735 685.733
4.736 685.604
4.737 685.473
4.738 685.34
4.739 685.204
4.74 685.067
4.741 684.928
4.742 684.788
4.743 684.648
4.744 684.507
4.745 684.365
4.746 684.224
4.747 684.083
4.748 683.943
4.749 683.803
4.75 683.663
4.751 683.525
4.752 683.388
4.753 683.251
4.754 683.116
4.755 682.982
4.756 682.85
4.757 682.718
4.758 682.588
4.759 682.458
4.76 682.328
4.761 682.199
4.762 682.069
4.763 681.94
4.764 681.81
4.765 681.679
4.766 681.546
4.767 681.413
4.768 681.277
4.769 681.138
4.77 680.997
4.771 680.853
4.772 680.704
4.773 680.551
4.774 680.394
4.775 680.231
4.776 680.062
4.777 679.888
4.778 679.707
4.779 679.519
4.78 679.324
4.781 679.122
4.782 678.913
4.783 678.697
4.784 678.473
4.785 678.243
4.786 678.007
4.787 677.764
4.788 677.517
4.789 677.265
4.79 677.011
4.791 676.755
4.792 676.499
4.793 676.245
4.794 675.994
4.795 675.749
4.796 675.512
4.797 675.285
4.798 675.072
4.799 674.874
4.8 674.694
4.801 674.535
4.802 674.4
4.803 674.291
4.804 674.21
4.805 674.16
4.806 674.143
4.807 674.16
4.808 674.212
4.809 674.302
4.81 674.428
4.811 674.59
4.812 674.788
4.813 675.017
4.814 675.276
4.815 675.564
4.816 675.879
4.817 676.218
4.818 676.58
4.819 676.961
4.82 677.359
4.821 677.772
4.822 678.197
4.823 678.632
4.824 679.074
4.825 679.518
4.826 679.962
4.827 680.402
4.828 680.837
4.829 681.264
4.83 681.68
4.831 682.083
4.832 682.472
4.833 682.846
4.834 683.203
4.835 683.541
4.836 683.861
4.837 684.162
4.838 684.442
4.839 684.702
4.84 684.941
4.841 685.16
4.842 685.357
4.843 685.535
4.844 685.692
4.845 685.829
4.846 685.946
4.847 686.045
4.848 686.124
4.849 686.185
4.85 686.229
4.851 686.255
4.852 686.265
4.853 686.259
4.854 686.238
4.855 686.202
4.856 686.15
4.857 686.081
4.858 685.996
4.859 685.895
4.86 685.778
4.861 685.647
4.862 685.502
4.863 685.343
4.864 685.172
4.865 684.988
4.866 684.792
4.867 684.585
4.868 684.367
4.869 684.139
4.87 683.901
4.871 683.654
4.872 683.399
4.873 683.135
4.874 682.863
4.875 682.585
4.876 682.3
4.877 682.01
4.878 681.715
4.879 681.414
4.88 681.11
4.881 680.802
4.882 680.49
4.883 680.175
4.884 679.858
4.885 679.539
4.886 679.219
4.887 678.898
4.888 678.575
4.889 678.253
4.89 677.932
4.891 677.611
4.892 677.291
4.893 676.973
4.894 676.658
4.895 676.345
4.896 676.036
4.897 675.73
4.898 675.429
4.899 675.133
4.9 674.841
4.901 674.556
4.902 674.277
4.903 674.005
4.904 673.74
4.905 673.483
4.906 673.234
4.907 672.994
4.908 672.763
4.909 672.542
4.91 672.332
4.911 672.131
4.912 671.942
4.913 671.764
4.914 671.598
4.915 671.445
4.916 671.303
4.917 671.174
4.918 671.059
4.919 670.956
4.92 670.867
4.921 670.791
4.922 670.73
4.923 670.682
4.924 670.649
4.925 670.631
4.926 670.627
4.927 670.638
4.928 670.662
4.929 670.701
4.93 670.754
4.931 670.82
4.932 670.9
4.933 670.993
4.934 671.099
4.935 671.217
4.936 671.348
4.937 671.49
4.938 671.643
4.939 671.807
4.94 671.981
4.941 672.166
4.942 672.359
4.943 672.562
4.944 672.773
4.945 672.992
4.946 673.218
4.947 673.451
4.948 673.69
4.949 673.935
4.95 674.185
4.951 674.44
4.952 674.699
4.953 674.962
4.954 675.228
4.955 675.497
4.956 675.767
4.957 676.04
4.958 676.313
4.959 676.588
4.96 676.864
4.961 677.139
4.962 677.414
4.963 677.688
4.964 677.961
4.965 678.232
4.966 678.501
4.967 678.767
4.968 679.031
4.969 679.29
4.97 679.546
4.971 679.797
4.972 680.044
4.973 680.286
4.974 680.522
4.975 680.753
4.976 680.977
4.977 681.195
4.978 681.406
4.979 681.611
4.98 681.808
4.981 681.998
4.982 682.181
4.983 682.356
4.984 682.523
4.985 682.682
4.986 682.834
4.987 682.978
4.988 683.114
4.989 683.243
4.99 683.365
4.991 683.479
4.992 683.586
4.993 683.687
4.994 683.781
4.995 683.869
4.996 683.952
4.997 684.029
4.998 684.1
4.999 684.165
