0 487.399
0.001 487.4
0.002 487.39
0.003 487.37
0.004 487.34
0.005 487.299
0.006 487.248
0.007 487.186
0.008 487.113
0.009 487.03
0.01 486.936
0.011 486.831
0.012 486.715
0.013 486.588
0.014 486.449
0.015 486.299
0.016 486.137
0.017 485.963
0.018 485.776
0.019 485.578
0.02 485.366
0.021 485.141
0.022 484.903
0.023 484.651
0.024 484.385
0.025 484.105
0.026 483.81
0.027 483.499
0.028 483.174
0.029 482.832
0.03 482.474
0.031 482.099
0.032 481.707
0.033 481.297
0.034 480.869
0.035 480.421
0.036 479.955
0.037 479.468
0.038 478.962
0.039 478.434
0.04 477.884
0.041 477.312
0.042 476.717
0.043 476.099
0.044 475.456
0.045 474.789
0.046 474.095
0.047 473.376
0.048 472.63
0.049 471.855
0.05 471.053
0.051 470.221
0.052 469.359
0.053 468.467
0.054 467.543
0.055 466.587
0.056 465.598
0.057 464.576
0.058 463.519
0.059 462.426
0.06 461.299
0.061 460.134
0.062 458.932
0.063 457.693
0.064 456.415
0.065 455.098
0.066 453.741
0.067 452.344
0.068 450.907
0.069 449.428
0.07 447.908
0.071 446.346
0.072 444.743
0.073 443.097
0.074 441.409
0.075 439.679
0.076 437.906
0.077 436.092
0.078 434.237
0.079 432.34
0.08 430.402
0.081 428.425
0.082 426.408
0.083 424.353
0.084 422.26
0.085 420.131
0.086 417.968
0.087 415.771
0.088 413.543
0.089 411.285
0.09 408.998
0.091 406.686
0.092 404.349
0.093 401.991
0.094 399.614
0.095 397.221
0.096 394.813
0.097 392.394
0.098 389.967
0.099 387.535
0.1 385.101
0.101 382.667
0.102 380.237
0.103 377.815
0.104 375.403
0.105 373.004
0.106 370.623
0.107 368.261
0.108 365.922
0.109 363.61
0.11 361.327
0.111 359.076
0.112 356.86
0.113 354.683
0.114 352.546
0.115 350.452
0.116 348.405
0.117 346.405
0.118 344.456
0.119 342.559
0.12 340.717
0.121 338.931
0.122 337.204
0.123 335.535
0.124 333.928
0.125 332.383
0.126 330.901
0.127 329.483
0.128 328.13
0.129 326.842
0.13 325.62
0.131 324.465
0.132 323.375
0.133 322.352
0.134 321.395
0.135 320.503
0.136 319.677
0.137 318.915
0.138 318.218
0.139 317.583
0.14 317.01
0.141 316.498
0.142 316.045
0.143 315.651
0.144 315.314
0.145 315.031
0.146 314.803
0.147 314.626
0.148 314.499
0.149 314.42
0.15 314.388
0.151 314.4
0.152 314.455
0.153 314.55
0.154 314.683
0.155 314.852
0.156 315.055
0.157 315.291
0.158 315.556
0.159 315.849
0.16 316.168
0.161 316.511
0.162 316.876
0.163 317.261
0.164 317.663
0.165 318.082
0.166 318.514
0.167 318.959
0.168 319.415
0.169 319.88
0.17 320.352
0.171 320.83
0.172 321.312
0.173 321.797
0.174 322.283
0.175 322.769
0.176 323.253
0.177 323.736
0.178 324.214
0.179 324.688
0.18 325.156
0.181 325.617
0.182 326.071
0.183 326.516
0.184 326.952
0.185 327.377
0.186 327.792
0.187 328.195
0.188 328.586
0.189 328.965
0.19 329.33
0.191 329.683
0.192 330.021
0.193 330.345
0.194 330.655
0.195 330.95
0.196 331.23
0.197 331.496
0.198 331.746
0.199 331.981
0.2 332.201
0.201 332.406
0.202 332.596
0.203 332.771
0.204 332.932
0.205 333.078
0.206 333.21
0.207 333.327
0.208 333.431
0.209 333.522
0.21 333.6
0.211 333.665
0.212 333.718
0.213 333.76
0.214 333.79
0.215 333.809
0.216 333.819
0.217 333.819
0.218 333.81
0.219 333.792
0.22 333.767
0.221 333.735
0.222 333.696
0.223 333.651
0.224 333.602
0.225 333.547
0.226 333.49
0.227 333.428
0.228 333.365
0.229 333.3
0.23 333.234
0.231 333.167
0.232 333.101
0.233 333.036
0.234 332.972
0.235 332.911
0.236 332.852
0.237 332.798
0.238 332.747
0.239 332.701
0.24 332.66
0.241 332.624
0.242 332.595
0.243 332.573
0.244 332.558
0.245 332.55
0.246 332.55
0.247 332.558
0.248 332.574
0.249 332.599
0.25 332.633
0.251 332.676
0.252 332.728
0.253 332.789
0.254 332.859
0.255 332.938
0.256 333.027
0.257 333.124
0.258 333.23
0.259 333.345
0.26 333.467
0.261 333.598
0.262 333.736
0.263 333.881
0.264 334.033
0.265 334.191
0.266 334.354
0.267 334.522
0.268 334.694
0.269 334.87
0.27 335.048
0.271 335.228
0.272 335.409
0.273 335.59
0.274 335.77
0.275 335.948
0.276 336.123
0.277 336.294
0.278 336.46
0.279 336.621
0.28 336.774
0.281 336.919
0.282 337.055
0.283 337.18
0.284 337.294
0.285 337.396
0.286 337.484
0.287 337.558
0.288 337.617
0.289 337.659
0.29 337.685
0.291 337.693
0.292 337.682
0.293 337.653
0.294 337.604
0.295 337.535
0.296 337.445
0.297 337.335
0.298 337.205
0.299 337.053
0.3 336.88
0.301 336.687
0.302 336.474
0.303 336.24
0.304 335.986
0.305 335.713
0.306 335.422
0.307 335.112
0.308 334.784
0.309 334.44
0.31 334.08
0.311 333.705
0.312 333.316
0.313 332.913
0.314 332.498
0.315 332.071
0.316 331.634
0.317 331.186
0.318 330.73
0.319 330.265
0.32 329.793
0.321 329.314
0.322 328.83
0.323 328.34
0.324 327.846
0.325 327.349
0.326 326.849
0.327 326.347
0.328 325.844
0.329 325.341
0.33 324.838
0.331 324.336
0.332 323.836
0.333 323.34
0.334 322.848
0.335 322.362
0.336 321.882
0.337 321.41
0.338 320.947
0.339 320.495
0.34 320.055
0.341 319.628
0.342 319.216
0.343 318.82
0.344 318.443
0.345 318.085
0.346 317.748
0.347 317.434
0.348 317.144
0.349 316.88
0.35 316.642
0.351 316.433
0.352 316.253
0.353 316.104
0.354 315.986
0.355 315.9
0.356 315.846
0.357 315.826
0.358 315.839
0.359 315.886
0.36 315.966
0.361 316.079
0.362 316.224
0.363 316.402
0.364 316.61
0.365 316.848
0.366 317.115
0.367 317.409
0.368 317.729
0.369 318.073
0.37 318.439
0.371 318.826
0.372 319.231
0.373 319.653
0.374 320.088
0.375 320.536
0.376 320.994
0.377 321.459
0.378 321.93
0.379 322.404
0.38 322.879
0.381 323.354
0.382 323.825
0.383 324.291
0.384 324.751
0.385 325.202
0.386 325.643
0.387 326.073
0.388 326.489
0.389 326.89
0.39 327.276
0.391 327.645
0.392 327.996
0.393 328.328
0.394 328.641
0.395 328.935
0.396 329.207
0.397 329.46
0.398 329.691
0.399 329.901
0.4 330.09
0.401 330.258
0.402 330.405
0.403 330.532
0.404 330.639
0.405 330.726
0.406 330.795
0.407 330.844
0.408 330.876
0.409 330.892
0.41 330.891
0.411 330.875
0.412 330.844
0.413 330.8
0.414 330.744
0.415 330.676
0.416 330.597
0.417 330.509
0.418 330.413
0.419 330.309
0.42 330.199
0.421 330.083
0.422 329.962
0.423 329.838
0.424 329.712
0.425 329.583
0.426 329.453
0.427 329.323
0.428 329.194
0.429 329.065
0.43 328.938
0.431 328.814
0.432 328.692
0.433 328.574
0.434 328.459
0.435 328.349
0.436 328.242
0.437 328.14
0.438 328.043
0.439 327.951
0.44 327.864
0.441 327.781
0.442 327.704
0.443 327.632
0.444 327.564
0.445 327.502
0.446 327.444
0.447 327.39
0.448 327.341
0.449 327.295
0.45 327.254
0.451 327.216
0.452 327.181
0.453 327.149
0.454 327.12
0.455 327.094
0.456 327.069
0.457 327.047
0.458 327.026
0.459 327.006
0.46 326.988
0.461 326.97
0.462 326.953
0.463 326.936
0.464 326.919
0.465 326.902
0.466 326.885
0.467 326.868
0.468 326.849
0.469 326.83
0.47 326.81
0.471 326.79
0.472 326.768
0.473 326.744
0.474 326.72
0.475 326.694
0.476 326.667
0.477 326.639
0.478 326.609
0.479 326.578
0.48 326.545
0.481 326.512
0.482 326.477
0.483 326.441
0.484 326.404
0.485 326.366
0.486 326.327
0.487 326.287
0.488 326.247
0.489 326.206
0.49 326.165
0.491 326.124
0.492 326.083
0.493 326.042
0.494 326.001
0.495 325.961
0.496 325.922
0.497 325.883
0.498 325.846
0.499 325.81
0.5 325.776
0.501 325.743
0.502 325.713
0.503 325.685
0.504 325.659
0.505 325.636
0.506 325.615
0.507 325.598
0.508 325.584
0.509 325.574
0.51 325.567
0.511 325.564
0.512 325.564
0.513 325.569
0.514 325.578
0.515 325.59
0.516 325.607
0.517 325.628
0.518 325.653
0.519 325.683
0.52 325.716
0.521 325.753
0.522 325.794
0.523 325.839
0.524 325.887
0.525 325.938
0.526 325.992
0.527 326.049
0.528 326.109
0.529 326.171
0.53 326.234
0.531 326.3
0.532 326.366
0.533 326.433
0.534 326.501
0.535 326.568
0.536 326.635
0.537 326.702
0.538 326.767
0.539 326.831
0.54 326.892
0.541 326.951
0.542 327.008
0.543 327.061
0.544 327.11
0.545 327.155
0.546 327.196
0.547 327.232
0.548 327.263
0.549 327.289
0.55 327.309
0.551 327.323
0.552 327.33
0.553 327.331
0.554 327.325
0.555 327.311
0.556 327.291
0.557 327.263
0.558 327.227
0.559 327.184
0.56 327.132
0.561 327.072
0.562 327.005
0.563 326.928
0.564 326.844
0.565 326.751
0.566 326.65
0.567 326.54
0.568 326.422
0.569 326.296
0.57 326.161
0.571 326.018
0.572 325.867
0.573 325.707
0.574 325.54
0.575 325.364
0.576 325.181
0.577 324.99
0.578 324.791
0.579 324.585
0.58 324.372
0.581 324.152
0.582 323.925
0.583 323.691
0.584 323.451
0.585 323.205
0.586 322.952
0.587 322.694
0.588 322.43
0.589 322.161
0.59 321.886
0.591 321.607
0.592 321.323
0.593 321.035
0.594 320.742
0.595 320.446
0.596 320.146
0.597 319.842
0.598 319.536
0.599 319.226
0.6 318.915
0.601 318.601
0.602 318.285
0.603 317.967
0.604 317.648
0.605 317.328
0.606 317.007
0.607 316.686
0.608 316.364
0.609 316.043
0.61 315.722
0.611 315.402
0.612 315.083
0.613 314.765
0.614 314.449
0.615 314.135
0.616 313.824
0.617 313.515
0.618 313.209
0.619 312.907
0.62 312.608
0.621 312.313
0.622 312.022
0.623 311.736
0.624 311.455
0.625 311.179
0.626 310.908
0.627 310.642
0.628 310.383
0.629 310.13
0.63 309.883
0.631 309.643
0.632 309.409
0.633 309.182
0.634 308.963
0.635 308.75
0.636 308.546
0.637 308.348
0.638 308.158
0.639 307.976
0.64 307.801
0.641 307.634
0.642 307.474
0.643 307.322
0.644 307.178
0.645 307.041
0.646 306.911
0.647 306.789
0.648 306.674
0.649 306.566
0.65 306.464
0.651 306.37
0.652 306.281
0.653 306.2
0.654 306.124
0.655 306.054
0.656 305.989
0.657 305.931
0.658 305.877
0.659 305.828
0.66 305.784
0.661 305.744
0.662 305.708
0.663 305.677
0.664 305.649
0.665 305.624
0.666 305.603
0.667 305.585
0.668 305.57
0.669 305.557
0.67 305.547
0.671 305.539
0.672 305.533
0.673 305.529
0.674 305.526
0.675 305.525
0.676 305.525
0.677 305.527
0.678 305.529
0.679 305.532
0.68 305.536
0.681 305.541
0.682 305.546
0.683 305.551
0.684 305.556
0.685 305.562
0.686 305.567
0.687 305.572
0.688 305.577
0.689 305.581
0.69 305.585
0.691 305.589
0.692 305.591
0.693 305.593
0.694 305.593
0.695 305.593
0.696 305.592
0.697 305.588
0.698 305.583
0.699 305.574
0.7 305.563
0.701 305.549
0.702 305.532
0.703 305.512
0.704 305.489
0.705 305.462
0.706 305.432
0.707 305.399
0.708 305.363
0.709 305.323
0.71 305.279
0.711 305.232
0.712 305.181
0.713 305.126
0.714 305.068
0.715 305.006
0.716 304.94
0.717 304.87
0.718 304.797
0.719 304.72
0.72 304.639
0.721 304.554
0.722 304.465
0.723 304.373
0.724 304.277
0.725 304.178
0.726 304.074
0.727 303.968
0.728 303.857
0.729 303.744
0.73 303.626
0.731 303.506
0.732 303.382
0.733 303.256
0.734 303.126
0.735 302.993
0.736 302.858
0.737 302.719
0.738 302.578
0.739 302.435
0.74 302.289
0.741 302.14
0.742 301.99
0.743 301.837
0.744 301.682
0.745 301.526
0.746 301.367
0.747 301.207
0.748 301.046
0.749 300.883
0.75 300.719
0.751 300.553
0.752 300.387
0.753 300.219
0.754 300.051
0.755 299.882
0.756 299.712
0.757 299.542
0.758 299.371
0.759 299.2
0.76 299.028
0.761 298.857
0.762 298.685
0.763 298.513
0.764 298.342
0.765 298.171
0.766 297.999
0.767 297.829
0.768 297.658
0.769 297.489
0.77 297.319
0.771 297.15
0.772 296.982
0.773 296.815
0.774 296.648
0.775 296.483
0.776 296.318
0.777 296.154
0.778 295.99
0.779 295.828
0.78 295.667
0.781 295.507
0.782 295.348
0.783 295.19
0.784 295.033
0.785 294.877
0.786 294.723
0.787 294.569
0.788 294.417
0.789 294.265
0.79 294.115
0.791 293.966
0.792 293.818
0.793 293.671
0.794 293.526
0.795 293.381
0.796 293.238
0.797 293.095
0.798 292.954
0.799 292.813
0.8 292.674
0.801 292.535
0.802 292.397
0.803 292.261
0.804 292.125
0.805 291.989
0.806 291.855
0.807 291.721
0.808 291.588
0.809 291.456
0.81 291.324
0.811 291.193
0.812 291.062
0.813 290.931
0.814 290.801
0.815 290.671
0.816 290.542
0.817 290.413
0.818 290.283
0.819 290.154
0.82 290.025
0.821 289.896
0.822 289.766
0.823 289.637
0.824 289.507
0.825 289.377
0.826 289.247
0.827 289.116
0.828 288.985
0.829 288.853
0.83 288.721
0.831 288.588
0.832 288.455
0.833 288.321
0.834 288.186
0.835 288.05
0.836 287.913
0.837 287.776
0.838 287.637
0.839 287.498
0.84 287.357
0.841 287.216
0.842 287.073
0.843 286.93
0.844 286.785
0.845 286.639
0.846 286.492
0.847 286.344
0.848 286.194
0.849 286.043
0.85 285.891
0.851 285.738
0.852 285.584
0.853 285.428
0.854 285.271
0.855 285.112
0.856 284.953
0.857 284.792
0.858 284.63
0.859 284.466
0.86 284.302
0.861 284.136
0.862 283.969
0.863 283.8
0.864 283.631
0.865 283.46
0.866 283.288
0.867 283.115
0.868 282.941
0.869 282.766
0.87 282.59
0.871 282.412
0.872 282.234
0.873 282.055
0.874 281.875
0.875 281.693
0.876 281.511
0.877 281.328
0.878 281.144
0.879 280.96
0.88 280.774
0.881 280.588
0.882 280.401
0.883 280.213
0.884 280.025
0.885 279.836
0.886 279.646
0.887 279.455
0.888 279.264
0.889 279.073
0.89 278.88
0.891 278.688
0.892 278.494
0.893 278.301
0.894 278.106
0.895 277.912
0.896 277.719
0.897 277.527
0.898 277.335
0.899 277.145
0.9 276.955
0.901 276.766
0.902 276.577
0.903 276.39
0.904 276.204
0.905 276.018
0.906 275.833
0.907 275.649
0.908 275.466
0.909 275.284
0.91 275.103
0.911 274.922
0.912 274.743
0.913 274.564
0.914 274.386
0.915 274.209
0.916 274.033
0.917 273.858
0.918 273.683
0.919 273.51
0.92 273.337
0.921 273.166
0.922 272.995
0.923 272.825
0.924 272.657
0.925 272.489
0.926 272.322
0.927 272.156
0.928 271.991
0.929 271.828
0.93 271.665
0.931 271.503
0.932 271.343
0.933 271.184
0.934 271.026
0.935 270.87
0.936 270.714
0.937 270.561
0.938 270.408
0.939 270.257
0.94 270.108
0.941 269.96
0.942 269.814
0.943 269.67
0.944 269.527
0.945 269.386
0.946 269.247
0.947 269.11
0.948 268.975
0.949 268.843
0.95 268.712
0.951 268.583
0.952 268.457
0.953 268.333
0.954 268.211
0.955 268.092
0.956 267.975
0.957 267.86
0.958 267.748
0.959 267.639
0.96 267.531
0.961 267.427
0.962 267.325
0.963 267.226
0.964 267.129
0.965 267.034
0.966 266.943
0.967 266.853
0.968 266.767
0.969 266.682
0.97 266.601
0.971 266.521
0.972 266.444
0.973 266.369
0.974 266.297
0.975 266.226
0.976 266.158
0.977 266.092
0.978 266.027
0.979 265.965
0.98 265.904
0.981 265.845
0.982 265.788
0.983 265.732
0.984 265.678
0.985 265.625
0.986 265.573
0.987 265.522
0.988 265.472
0.989 265.424
0.99 265.376
0.991 265.328
0.992 265.282
0.993 265.236
0.994 265.19
0.995 265.145
0.996 265.1
0.997 265.055
0.998 265.01
0.999 264.965
1 264.92
1.001 264.875
1.002 264.829
1.003 264.784
1.004 264.737
1.005 264.691
1.006 264.644
1.007 264.596
1.008 264.547
1.009 264.497
1.01 264.445
1.011 264.391
1.012 264.335
1.013 264.277
1.014 264.218
1.015 264.157
1.016 264.094
1.017 264.028
1.018 263.961
1.019 263.892
1.02 263.821
1.021 263.748
1.022 263.673
1.023 263.596
1.024 263.517
1.025 263.436
1.026 263.354
1.027 263.269
1.028 263.182
1.029 263.094
1.03 263.003
1.031 262.911
1.032 262.817
1.033 262.721
1.034 262.624
1.035 262.525
1.036 262.424
1.037 262.321
1.038 262.217
1.039 262.111
1.04 262.004
1.041 261.896
1.042 261.786
1.043 261.674
1.044 261.562
1.045 261.448
1.046 261.333
1.047 261.216
1.048 261.099
1.049 260.98
1.05 260.861
1.051 260.741
1.052 260.619
1.053 260.497
1.054 260.374
1.055 260.251
1.056 260.127
1.057 260.002
1.058 259.876
1.059 259.75
1.06 259.624
1.061 259.498
1.062 259.371
1.063 259.243
1.064 259.116
1.065 258.989
1.066 258.861
1.067 258.734
1.068 258.606
1.069 258.479
1.07 258.352
1.071 258.225
1.072 258.098
1.073 257.972
1.074 257.846
1.075 257.721
1.076 257.596
1.077 257.472
1.078 257.348
1.079 257.225
1.08 257.103
1.081 256.981
1.082 256.861
1.083 256.741
1.084 256.622
1.085 256.504
1.086 256.388
1.087 256.272
1.088 256.157
1.089 256.044
1.09 255.931
1.091 255.82
1.092 255.71
1.093 255.602
1.094 255.494
1.095 255.388
1.096 255.284
1.097 255.18
1.098 255.078
1.099 254.978
1.1 254.879
1.101 254.781
1.102 254.684
1.103 254.59
1.104 254.496
1.105 254.404
1.106 254.313
1.107 254.224
1.108 254.136
1.109 254.049
1.11 253.964
1.111 253.88
1.112 253.798
1.113 253.716
1.114 253.636
1.115 253.558
1.116 253.48
1.117 253.404
1.118 253.328
1.119 253.254
1.12 253.181
1.121 253.108
1.122 253.037
1.123 252.967
1.124 252.897
1.125 252.828
1.126 252.76
1.127 252.693
1.128 252.626
1.129 252.56
1.13 252.494
1.131 252.429
1.132 252.364
1.133 252.299
1.134 252.235
1.135 252.171
1.136 252.107
1.137 252.043
1.138 251.979
1.139 251.915
1.14 251.851
1.141 251.787
1.142 251.722
1.143 251.657
1.144 251.592
1.145 251.526
1.146 251.46
1.147 251.393
1.148 251.326
1.149 251.258
1.15 251.189
1.151 251.12
1.152 251.049
1.153 250.978
1.154 250.906
1.155 250.833
1.156 250.759
1.157 250.683
1.158 250.607
1.159 250.529
1.16 250.451
1.161 250.371
1.162 250.289
1.163 250.207
1.164 250.123
1.165 250.037
1.166 249.95
1.167 249.862
1.168 249.772
1.169 249.681
1.17 249.588
1.171 249.494
1.172 249.398
1.173 249.301
1.174 249.202
1.175 249.101
1.176 248.999
1.177 248.895
1.178 248.79
1.179 248.682
1.18 248.574
1.181 248.463
1.182 248.351
1.183 248.238
1.184 248.123
1.185 248.006
1.186 247.887
1.187 247.767
1.188 247.646
1.189 247.523
1.19 247.398
1.191 247.272
1.192 247.144
1.193 247.015
1.194 246.885
1.195 246.753
1.196 246.62
1.197 246.485
1.198 246.35
1.199 246.212
1.2 246.074
1.201 245.935
1.202 245.794
1.203 245.652
1.204 245.509
1.205 245.365
1.206 245.221
1.207 245.076
1.208 244.931
1.209 244.786
1.21 244.642
1.211 244.498
1.212 244.354
1.213 244.21
1.214 244.067
1.215 243.924
1.216 243.782
1.217 243.64
1.218 243.499
1.219 243.358
1.22 243.218
1.221 243.079
1.222 242.94
1.223 242.802
1.224 242.665
1.225 242.529
1.226 242.394
1.227 242.26
1.228 242.127
1.229 241.995
1.23 241.864
1.231 241.734
1.232 241.605
1.233 241.477
1.234 241.351
1.235 241.225
1.236 241.101
1.237 240.978
1.238 240.857
1.239 240.737
1.24 240.618
1.241 240.501
1.242 240.385
1.243 240.27
1.244 240.157
1.245 240.045
1.246 239.935
1.247 239.826
1.248 239.718
1.249 239.612
1.25 239.508
1.251 239.405
1.252 239.303
1.253 239.203
1.254 239.105
1.255 239.007
1.256 238.912
1.257 238.817
1.258 238.725
1.259 238.633
1.26 238.543
1.261 238.455
1.262 238.368
1.263 238.282
1.264 238.198
1.265 238.115
1.266 238.033
1.267 237.953
1.268 237.873
1.269 237.796
1.27 237.719
1.271 237.643
1.272 237.569
1.273 237.496
1.274 237.424
1.275 237.353
1.276 237.283
1.277 237.215
1.278 237.147
1.279 237.08
1.28 237.014
1.281 236.949
1.282 236.885
1.283 236.822
1.284 236.76
1.285 236.698
1.286 236.637
1.287 236.577
1.288 236.517
1.289 236.458
1.29 236.4
1.291 236.342
1.292 236.285
1.293 236.229
1.294 236.173
1.295 236.117
1.296 236.062
1.297 236.007
1.298 235.952
1.299 235.898
1.3 235.844
1.301 235.79
1.302 235.737
1.303 235.683
1.304 235.63
1.305 235.577
1.306 235.525
1.307 235.472
1.308 235.419
1.309 235.367
1.31 235.314
1.311 235.262
1.312 235.209
1.313 235.157
1.314 235.104
1.315 235.051
1.316 234.998
1.317 234.945
1.318 234.892
1.319 234.839
1.32 234.786
1.321 234.732
1.322 234.679
1.323 234.625
1.324 234.571
1.325 234.516
1.326 234.462
1.327 234.407
1.328 234.352
1.329 234.296
1.33 234.241
1.331 234.185
1.332 234.128
1.333 234.072
1.334 234.015
1.335 233.958
1.336 233.901
1.337 233.843
1.338 233.785
1.339 233.726
1.34 233.668
1.341 233.609
1.342 233.549
1.343 233.49
1.344 233.43
1.345 233.369
1.346 233.309
1.347 233.248
1.348 233.187
1.349 233.125
1.35 233.063
1.351 233.001
1.352 232.938
1.353 232.875
1.354 232.812
1.355 232.749
1.356 232.685
1.357 232.621
1.358 232.557
1.359 232.492
1.36 232.428
1.361 232.362
1.362 232.297
1.363 232.231
1.364 232.166
1.365 232.099
1.366 232.033
1.367 231.967
1.368 231.9
1.369 231.833
1.37 231.766
1.371 231.698
1.372 231.631
1.373 231.563
1.374 231.495
1.375 231.427
1.376 231.359
1.377 231.291
1.378 231.222
1.379 231.154
1.38 231.085
1.381 231.016
1.382 230.947
1.383 230.878
1.384 230.809
1.385 230.74
1.386 230.671
1.387 230.602
1.388 230.533
1.389 230.464
1.39 230.395
1.391 230.326
1.392 230.256
1.393 230.187
1.394 230.118
1.395 230.05
1.396 229.981
1.397 229.912
1.398 229.843
1.399 229.775
1.4 229.707
1.401 229.639
1.402 229.571
1.403 229.503
1.404 229.435
1.405 229.368
1.406 229.301
1.407 229.234
1.408 229.168
1.409 229.102
1.41 229.036
1.411 228.971
1.412 228.906
1.413 228.841
1.414 228.777
1.415 228.713
1.416 228.649
1.417 228.586
1.418 228.524
1.419 228.462
1.42 228.401
1.421 228.34
1.422 228.28
1.423 228.22
1.424 228.161
1.425 228.103
1.426 228.046
1.427 227.989
1.428 227.933
1.429 227.877
1.43 227.823
1.431 227.769
1.432 227.716
1.433 227.664
1.434 227.612
1.435 227.562
1.436 227.513
1.437 227.464
1.438 227.417
1.439 227.37
1.44 227.325
1.441 227.28
1.442 227.237
1.443 227.194
1.444 227.153
1.445 227.113
1.446 227.074
1.447 227.036
1.448 226.999
1.449 226.963
1.45 226.928
1.451 226.895
1.452 226.863
1.453 226.832
1.454 226.802
1.455 226.773
1.456 226.745
1.457 226.719
1.458 226.694
1.459 226.67
1.46 226.647
1.461 226.625
1.462 226.604
1.463 226.585
1.464 226.566
1.465 226.549
1.466 226.533
1.467 226.517
1.468 226.503
1.469 226.49
1.47 226.477
1.471 226.466
1.472 226.455
1.473 226.446
1.474 226.437
1.475 226.429
1.476 226.422
1.477 226.415
1.478 226.409
1.479 226.404
1.48 226.4
1.481 226.395
1.482 226.392
1.483 226.389
1.484 226.386
1.485 226.384
1.486 226.381
1.487 226.38
1.488 226.378
1.489 226.377
1.49 226.375
1.491 226.374
1.492 226.373
1.493 226.371
1.494 226.37
1.495 226.368
1.496 226.367
1.497 226.365
1.498 226.362
1.499 226.36
1.5 226.357
1.501 226.353
1.502 226.349
1.503 226.345
1.504 226.34
1.505 226.334
1.506 226.328
1.507 226.321
1.508 226.314
1.509 226.305
1.51 226.296
1.511 226.286
1.512 226.275
1.513 226.264
1.514 226.251
1.515 226.237
1.516 226.223
1.517 226.207
1.518 226.191
1.519 226.173
1.52 226.154
1.521 226.134
1.522 226.113
1.523 226.091
1.524 226.068
1.525 226.044
1.526 226.018
1.527 225.991
1.528 225.963
1.529 225.934
1.53 225.904
1.531 225.872
1.532 225.839
1.533 225.805
1.534 225.77
1.535 225.733
1.536 225.695
1.537 225.656
1.538 225.616
1.539 225.574
1.54 225.531
1.541 225.487
1.542 225.441
1.543 225.394
1.544 225.346
1.545 225.297
1.546 225.246
1.547 225.194
1.548 225.141
1.549 225.087
1.55 225.031
1.551 224.974
1.552 224.916
1.553 224.857
1.554 224.796
1.555 224.735
1.556 224.672
1.557 224.608
1.558 224.542
1.559 224.476
1.56 224.408
1.561 224.339
1.562 224.269
1.563 224.195
1.564 224.116
1.565 224.033
1.566 223.946
1.567 223.855
1.568 223.759
1.569 223.659
1.57 223.555
1.571 223.447
1.572 223.334
1.573 223.218
1.574 223.097
1.575 222.973
1.576 222.844
1.577 222.712
1.578 222.576
1.579 222.435
1.58 222.292
1.581 222.144
1.582 221.993
1.583 221.838
1.584 221.68
1.585 221.518
1.586 221.353
1.587 221.185
1.588 221.013
1.589 220.838
1.59 220.661
1.591 220.48
1.592 220.296
1.593 220.11
1.594 219.921
1.595 219.729
1.596 219.534
1.597 219.338
1.598 219.138
1.599 218.937
1.6 218.733
1.601 218.527
1.602 218.319
1.603 218.109
1.604 217.898
1.605 217.684
1.606 217.469
1.607 217.253
1.608 217.035
1.609 216.815
1.61 216.595
1.611 216.373
1.612 216.15
1.613 215.926
1.614 215.701
1.615 215.476
1.616 215.25
1.617 215.023
1.618 214.795
1.619 214.568
1.62 214.34
1.621 214.111
1.622 213.883
1.623 213.655
1.624 213.426
1.625 213.198
1.626 212.97
1.627 212.743
1.628 212.516
1.629 212.289
1.63 212.064
1.631 211.839
1.632 211.614
1.633 211.391
1.634 211.169
1.635 210.948
1.636 210.729
1.637 210.51
1.638 210.294
1.639 210.078
1.64 209.865
1.641 209.653
1.642 209.444
1.643 209.236
1.644 209.031
1.645 208.828
1.646 208.627
1.647 208.429
1.648 208.234
1.649 208.041
1.65 207.852
1.651 207.665
1.652 207.482
1.653 207.302
1.654 207.126
1.655 206.953
1.656 206.784
1.657 206.619
1.658 206.459
1.659 206.302
1.66 206.15
1.661 206.002
1.662 205.86
1.663 205.722
1.664 205.589
1.665 205.461
1.666 205.338
1.667 205.221
1.668 205.109
1.669 205.003
1.67 204.903
1.671 204.808
1.672 204.72
1.673 204.637
1.674 204.561
1.675 204.491
1.676 204.427
1.677 204.37
1.678 204.318
1.679 204.274
1.68 204.235
1.681 204.203
1.682 204.177
1.683 204.158
1.684 204.145
1.685 204.138
1.686 204.137
1.687 204.142
1.688 204.153
1.689 204.17
1.69 204.192
1.691 204.22
1.692 204.253
1.693 204.292
1.694 204.335
1.695 204.383
1.696 204.436
1.697 204.493
1.698 204.554
1.699 204.619
1.7 204.687
1.701 204.759
1.702 204.834
1.703 204.912
1.704 204.992
1.705 205.074
1.706 205.159
1.707 205.245
1.708 205.331
1.709 205.418
1.71 205.505
1.711 205.592
1.712 205.678
1.713 205.763
1.714 205.848
1.715 205.931
1.716 206.012
1.717 206.092
1.718 206.17
1.719 206.245
1.72 206.318
1.721 206.389
1.722 206.456
1.723 206.521
1.724 206.582
1.725 206.639
1.726 206.693
1.727 206.744
1.728 206.79
1.729 206.832
1.73 206.87
1.731 206.904
1.732 206.933
1.733 206.957
1.734 206.977
1.735 206.992
1.736 207.003
1.737 207.008
1.738 207.009
1.739 207.004
1.74 206.995
1.741 206.981
1.742 206.961
1.743 206.937
1.744 206.907
1.745 206.873
1.746 206.833
1.747 206.789
1.748 206.74
1.749 206.686
1.75 206.627
1.751 206.564
1.752 206.496
1.753 206.424
1.754 206.347
1.755 206.266
1.756 206.181
1.757 206.093
1.758 206
1.759 205.904
1.76 205.804
1.761 205.701
1.762 205.599
1.763 205.496
1.764 205.394
1.765 205.293
1.766 205.192
1.767 205.093
1.768 204.994
1.769 204.897
1.77 204.802
1.771 204.708
1.772 204.616
1.773 204.526
1.774 204.438
1.775 204.353
1.776 204.27
1.777 204.19
1.778 204.112
1.779 204.037
1.78 203.965
1.781 203.896
1.782 203.831
1.783 203.768
1.784 203.709
1.785 203.653
1.786 203.6
1.787 203.551
1.788 203.505
1.789 203.462
1.79 203.423
1.791 203.387
1.792 203.354
1.793 203.324
1.794 203.298
1.795 203.274
1.796 203.254
1.797 203.236
1.798 203.222
1.799 203.209
1.8 203.2
1.801 203.193
1.802 203.188
1.803 203.185
1.804 203.185
1.805 203.186
1.806 203.189
1.807 203.194
1.808 203.2
1.809 203.208
1.81 203.217
1.811 203.227
1.812 203.238
1.813 203.25
1.814 203.263
1.815 203.276
1.816 203.29
1.817 203.304
1.818 203.319
1.819 203.334
1.82 203.349
1.821 203.365
1.822 203.38
1.823 203.395
1.824 203.41
1.825 203.425
1.826 203.44
1.827 203.454
1.828 203.468
1.829 203.482
1.83 203.496
1.831 203.509
1.832 203.522
1.833 203.534
1.834 203.546
1.835 203.558
1.836 203.569
1.837 203.58
1.838 203.59
1.839 203.601
1.84 203.611
1.841 203.62
1.842 203.629
1.843 203.638
1.844 203.647
1.845 203.656
1.846 203.664
1.847 203.673
1.848 203.681
1.849 203.689
1.85 203.697
1.851 203.705
1.852 203.713
1.853 203.721
1.854 203.729
1.855 203.737
1.856 203.746
1.857 203.754
1.858 203.762
1.859 203.771
1.86 203.78
1.861 203.788
1.862 203.797
1.863 203.807
1.864 203.816
1.865 203.825
1.866 203.835
1.867 203.845
1.868 203.855
1.869 203.865
1.87 203.875
1.871 203.885
1.872 203.895
1.873 203.906
1.874 203.916
1.875 203.926
1.876 203.937
1.877 203.947
1.878 203.957
1.879 203.967
1.88 203.977
1.881 203.987
1.882 203.996
1.883 204.005
1.884 204.014
1.885 204.023
1.886 204.031
1.887 204.038
1.888 204.046
1.889 204.052
1.89 204.058
1.891 204.064
1.892 204.069
1.893 204.073
1.894 204.077
1.895 204.079
1.896 204.082
1.897 204.083
1.898 204.083
1.899 204.083
1.9 204.081
1.901 204.079
1.902 204.076
1.903 204.071
1.904 204.066
1.905 204.06
1.906 204.054
1.907 204.047
1.908 204.04
1.909 204.033
1.91 204.025
1.911 204.017
1.912 204.009
1.913 204
1.914 203.991
1.915 203.982
1.916 203.972
1.917 203.962
1.918 203.951
1.919 203.94
1.92 203.929
1.921 203.917
1.922 203.905
1.923 203.892
1.924 203.879
1.925 203.866
1.926 203.852
1.927 203.838
1.928 203.823
1.929 203.808
1.93 203.792
1.931 203.776
1.932 203.76
1.933 203.744
1.934 203.727
1.935 203.709
1.936 203.692
1.937 203.674
1.938 203.655
1.939 203.637
1.94 203.618
1.941 203.599
1.942 203.579
1.943 203.559
1.944 203.539
1.945 203.519
1.946 203.498
1.947 203.478
1.948 203.457
1.949 203.435
1.95 203.414
1.951 203.392
1.952 203.37
1.953 203.348
1.954 203.326
1.955 203.304
1.956 203.282
1.957 203.259
1.958 203.236
1.959 203.213
1.96 203.19
1.961 203.167
1.962 203.144
1.963 203.121
1.964 203.097
1.965 203.074
1.966 203.05
1.967 203.027
1.968 203.003
1.969 202.979
1.97 202.955
1.971 202.931
1.972 202.907
1.973 202.883
1.974 202.859
1.975 202.835
1.976 202.81
1.977 202.786
1.978 202.761
1.979 202.737
1.98 202.712
1.981 202.687
1.982 202.663
1.983 202.638
1.984 202.613
1.985 202.588
1.986 202.562
1.987 202.537
1.988 202.512
1.989 202.486
1.99 202.461
1.991 202.435
1.992 202.409
1.993 202.383
1.994 202.357
1.995 202.331
1.996 202.305
1.997 202.278
1.998 202.252
1.999 202.225
2 202.198
2.001 202.171
2.002 202.144
2.003 202.116
2.004 202.089
2.005 202.061
2.006 202.033
2.007 202.005
2.008 201.976
2.009 201.948
2.01 201.919
2.011 201.89
2.012 201.861
2.013 201.831
2.014 201.802
2.015 201.772
2.016 201.742
2.017 201.711
2.018 201.681
2.019 201.65
2.02 201.619
2.021 201.587
2.022 201.556
2.023 201.524
2.024 201.492
2.025 201.459
2.026 201.427
2.027 201.394
2.028 201.36
2.029 201.327
2.03 201.293
2.031 201.259
2.032 201.225
2.033 201.19
2.034 201.155
2.035 201.12
2.036 201.085
2.037 201.049
2.038 201.013
2.039 200.977
2.04 200.94
2.041 200.903
2.042 200.866
2.043 200.828
2.044 200.791
2.045 200.752
2.046 200.714
2.047 200.675
2.048 200.636
2.049 200.597
2.05 200.557
2.051 200.517
2.052 200.477
2.053 200.437
2.054 200.396
2.055 200.355
2.056 200.313
2.057 200.271
2.058 200.229
2.059 200.187
2.06 200.144
2.061 200.101
2.062 200.058
2.063 200.014
2.064 199.97
2.065 199.926
2.066 199.881
2.067 199.836
2.068 199.791
2.069 199.745
2.07 199.699
2.071 199.653
2.072 199.606
2.073 199.56
2.074 199.512
2.075 199.465
2.076 199.417
2.077 199.369
2.078 199.32
2.079 199.271
2.08 199.222
2.081 199.173
2.082 199.123
2.083 199.073
2.084 199.022
2.085 198.972
2.086 198.92
2.087 198.869
2.088 198.817
2.089 198.765
2.09 198.712
2.091 198.66
2.092 198.606
2.093 198.553
2.094 198.499
2.095 198.445
2.096 198.39
2.097 198.336
2.098 198.28
2.099 198.225
2.1 198.169
2.101 198.113
2.102 198.056
2.103 197.999
2.104 197.942
2.105 197.885
2.106 197.827
2.107 197.768
2.108 197.71
2.109 197.651
2.11 197.592
2.111 197.532
2.112 197.472
2.113 197.412
2.114 197.352
2.115 197.291
2.116 197.23
2.117 197.168
2.118 197.106
2.119 197.044
2.12 196.982
2.121 196.919
2.122 196.856
2.123 196.793
2.124 196.73
2.125 196.666
2.126 196.602
2.127 196.537
2.128 196.473
2.129 196.408
2.13 196.343
2.131 196.277
2.132 196.211
2.133 196.146
2.134 196.08
2.135 196.013
2.136 195.947
2.137 195.88
2.138 195.813
2.139 195.746
2.14 195.679
2.141 195.611
2.142 195.544
2.143 195.476
2.144 195.408
2.145 195.34
2.146 195.272
2.147 195.204
2.148 195.136
2.149 195.068
2.15 194.999
2.151 194.931
2.152 194.862
2.153 194.794
2.154 194.726
2.155 194.657
2.156 194.589
2.157 194.52
2.158 194.452
2.159 194.384
2.16 194.316
2.161 194.248
2.162 194.18
2.163 194.112
2.164 194.044
2.165 193.977
2.166 193.91
2.167 193.843
2.168 193.776
2.169 193.709
2.17 193.643
2.171 193.577
2.172 193.511
2.173 193.445
2.174 193.38
2.175 193.316
2.176 193.251
2.177 193.187
2.178 193.123
2.179 193.06
2.18 192.997
2.181 192.935
2.182 192.873
2.183 192.812
2.184 192.751
2.185 192.69
2.186 192.63
2.187 192.571
2.188 192.512
2.189 192.454
2.19 192.397
2.191 192.34
2.192 192.283
2.193 192.228
2.194 192.173
2.195 192.118
2.196 192.065
2.197 192.012
2.198 191.959
2.199 191.908
2.2 191.857
2.201 191.807
2.202 191.758
2.203 191.709
2.204 191.662
2.205 191.615
2.206 191.569
2.207 191.523
2.208 191.479
2.209 191.435
2.21 191.393
2.211 191.351
2.212 191.31
2.213 191.27
2.214 191.23
2.215 191.192
2.216 191.154
2.217 191.118
2.218 191.082
2.219 191.047
2.22 191.013
2.221 190.98
2.222 190.947
2.223 190.916
2.224 190.886
2.225 190.856
2.226 190.827
2.227 190.8
2.228 190.773
2.229 190.747
2.23 190.722
2.231 190.698
2.232 190.674
2.233 190.652
2.234 190.63
2.235 190.609
2.236 190.59
2.237 190.571
2.238 190.552
2.239 190.535
2.24 190.519
2.241 190.503
2.242 190.488
2.243 190.474
2.244 190.461
2.245 190.448
2.246 190.437
2.247 190.426
2.248 190.415
2.249 190.406
2.25 190.397
2.251 190.389
2.252 190.382
2.253 190.376
2.254 190.37
2.255 190.365
2.256 190.36
2.257 190.356
2.258 190.353
2.259 190.35
2.26 190.348
2.261 190.347
2.262 190.346
2.263 190.346
2.264 190.346
2.265 190.347
2.266 190.349
2.267 190.351
2.268 190.353
2.269 190.356
2.27 190.359
2.271 190.363
2.272 190.368
2.273 190.372
2.274 190.378
2.275 190.383
2.276 190.389
2.277 190.396
2.278 190.402
2.279 190.41
2.28 190.417
2.281 190.425
2.282 190.433
2.283 190.441
2.284 190.45
2.285 190.459
2.286 190.468
2.287 190.478
2.288 190.488
2.289 190.497
2.29 190.508
2.291 190.518
2.292 190.528
2.293 190.539
2.294 190.55
2.295 190.561
2.296 190.572
2.297 190.583
2.298 190.595
2.299 190.606
2.3 190.618
2.301 190.629
2.302 190.641
2.303 190.653
2.304 190.664
2.305 190.676
2.306 190.688
2.307 190.7
2.308 190.711
2.309 190.723
2.31 190.735
2.311 190.746
2.312 190.758
2.313 190.77
2.314 190.781
2.315 190.792
2.316 190.804
2.317 190.815
2.318 190.826
2.319 190.837
2.32 190.848
2.321 190.858
2.322 190.869
2.323 190.879
2.324 190.889
2.325 190.899
2.326 190.909
2.327 190.919
2.328 190.928
2.329 190.937
2.33 190.946
2.331 190.955
2.332 190.964
2.333 190.972
2.334 190.98
2.335 190.988
2.336 190.995
2.337 191.003
2.338 191.009
2.339 191.016
2.34 191.023
2.341 191.029
2.342 191.035
2.343 191.04
2.344 191.045
2.345 191.05
2.346 191.055
2.347 191.059
2.348 191.063
2.349 191.066
2.35 191.07
2.351 191.073
2.352 191.075
2.353 191.077
2.354 191.079
2.355 191.081
2.356 191.082
2.357 191.083
2.358 191.083
2.359 191.083
2.36 191.083
2.361 191.082
2.362 191.081
2.363 191.08
2.364 191.078
2.365 191.076
2.366 191.073
2.367 191.07
2.368 191.067
2.369 191.063
2.37 191.059
2.371 191.055
2.372 191.05
2.373 191.045
2.374 191.039
2.375 191.033
2.376 191.026
2.377 191.02
2.378 191.012
2.379 191.005
2.38 190.997
2.381 190.988
2.382 190.98
2.383 190.97
2.384 190.961
2.385 190.951
2.386 190.941
2.387 190.93
2.388 190.919
2.389 190.907
2.39 190.896
2.391 190.883
2.392 190.871
2.393 190.858
2.394 190.844
2.395 190.831
2.396 190.816
2.397 190.802
2.398 190.787
2.399 190.772
2.4 190.756
2.401 190.74
2.402 190.724
2.403 190.707
2.404 190.69
2.405 190.673
2.406 190.655
2.407 190.637
2.408 190.618
2.409 190.599
2.41 190.58
2.411 190.561
2.412 190.541
2.413 190.521
2.414 190.5
2.415 190.479
2.416 190.458
2.417 190.436
2.418 190.414
2.419 190.392
2.42 190.37
2.421 190.347
2.422 190.324
2.423 190.3
2.424 190.277
2.425 190.253
2.426 190.228
2.427 190.203
2.428 190.179
2.429 190.153
2.43 190.128
2.431 190.102
2.432 190.076
2.433 190.049
2.434 190.021
2.435 189.991
2.436 189.961
2.437 189.929
2.438 189.896
2.439 189.862
2.44 189.826
2.441 189.789
2.442 189.751
2.443 189.712
2.444 189.672
2.445 189.631
2.446 189.588
2.447 189.545
2.448 189.5
2.449 189.455
2.45 189.408
2.451 189.36
2.452 189.312
2.453 189.262
2.454 189.211
2.455 189.16
2.456 189.107
2.457 189.054
2.458 189
2.459 188.945
2.46 188.89
2.461 188.833
2.462 188.776
2.463 188.718
2.464 188.66
2.465 188.601
2.466 188.542
2.467 188.482
2.468 188.421
2.469 188.36
2.47 188.299
2.471 188.237
2.472 188.175
2.473 188.113
2.474 188.05
2.475 187.988
2.476 187.925
2.477 187.862
2.478 187.799
2.479 187.736
2.48 187.672
2.481 187.609
2.482 187.546
2.483 187.483
2.484 187.421
2.485 187.358
2.486 187.296
2.487 187.234
2.488 187.173
2.489 187.111
2.49 187.051
2.491 186.99
2.492 186.931
2.493 186.871
2.494 186.811
2.495 186.751
2.496 186.69
2.497 186.628
2.498 186.566
2.499 186.504
2.5 186.442
2.501 186.379
2.502 186.316
2.503 186.252
2.504 186.189
2.505 186.125
2.506 186.062
2.507 185.998
2.508 185.935
2.509 185.871
2.51 185.808
2.511 185.744
2.512 185.681
2.513 185.619
2.514 185.556
2.515 185.494
2.516 185.432
2.517 185.371
2.518 185.31
2.519 185.25
2.52 185.19
2.521 185.131
2.522 185.072
2.523 185.014
2.524 184.957
2.525 184.9
2.526 184.845
2.527 184.79
2.528 184.735
2.529 184.682
2.53 184.629
2.531 184.578
2.532 184.527
2.533 184.477
2.534 184.428
2.535 184.381
2.536 184.334
2.537 184.288
2.538 184.243
2.539 184.199
2.54 184.157
2.541 184.115
2.542 184.075
2.543 184.035
2.544 183.997
2.545 183.959
2.546 183.923
2.547 183.888
2.548 183.854
2.549 183.821
2.55 183.789
2.551 183.759
2.552 183.729
2.553 183.7
2.554 183.673
2.555 183.646
2.556 183.621
2.557 183.597
2.558 183.573
2.559 183.551
2.56 183.529
2.561 183.509
2.562 183.489
2.563 183.471
2.564 183.453
2.565 183.436
2.566 183.42
2.567 183.405
2.568 183.39
2.569 183.377
2.57 183.364
2.571 183.352
2.572 183.34
2.573 183.329
2.574 183.319
2.575 183.31
2.576 183.301
2.577 183.292
2.578 183.284
2.579 183.277
2.58 183.27
2.581 183.264
2.582 183.257
2.583 183.252
2.584 183.246
2.585 183.241
2.586 183.237
2.587 183.232
2.588 183.228
2.589 183.224
2.59 183.22
2.591 183.217
2.592 183.213
2.593 183.21
2.594 183.207
2.595 183.204
2.596 183.201
2.597 183.198
2.598 183.195
2.599 183.192
2.6 183.19
2.601 183.187
2.602 183.184
2.603 183.182
2.604 183.179
2.605 183.176
2.606 183.174
2.607 183.171
2.608 183.168
2.609 183.166
2.61 183.163
2.611 183.16
2.612 183.157
2.613 183.155
2.614 183.152
2.615 183.149
2.616 183.147
2.617 183.144
2.618 183.141
2.619 183.139
2.62 183.136
2.621 183.134
2.622 183.131
2.623 183.129
2.624 183.127
2.625 183.125
2.626 183.123
2.627 183.121
2.628 183.119
2.629 183.118
2.63 183.116
2.631 183.115
2.632 183.115
2.633 183.116
2.634 183.118
2.635 183.122
2.636 183.126
2.637 183.132
2.638 183.138
2.639 183.146
2.64 183.155
2.641 183.164
2.642 183.175
2.643 183.187
2.644 183.199
2.645 183.213
2.646 183.228
2.647 183.243
2.648 183.259
2.649 183.276
2.65 183.293
2.651 183.312
2.652 183.33
2.653 183.35
2.654 183.369
2.655 183.388
2.656 183.406
2.657 183.423
2.658 183.439
2.659 183.455
2.66 183.469
2.661 183.483
2.662 183.495
2.663 183.506
2.664 183.516
2.665 183.525
2.666 183.533
2.667 183.54
2.668 183.545
2.669 183.549
2.67 183.551
2.671 183.552
2.672 183.552
2.673 183.55
2.674 183.546
2.675 183.541
2.676 183.535
2.677 183.527
2.678 183.517
2.679 183.505
2.68 183.493
2.681 183.478
2.682 183.462
2.683 183.444
2.684 183.425
2.685 183.404
2.686 183.381
2.687 183.357
2.688 183.331
2.689 183.304
2.69 183.275
2.691 183.244
2.692 183.213
2.693 183.182
2.694 183.15
2.695 183.118
2.696 183.086
2.697 183.054
2.698 183.022
2.699 182.989
2.7 182.957
2.701 182.924
2.702 182.892
2.703 182.859
2.704 182.827
2.705 182.795
2.706 182.763
2.707 182.731
2.708 182.7
2.709 182.669
2.71 182.638
2.711 182.608
2.712 182.577
2.713 182.548
2.714 182.519
2.715 182.49
2.716 182.462
2.717 182.434
2.718 182.407
2.719 182.381
2.72 182.355
2.721 182.33
2.722 182.306
2.723 182.282
2.724 182.259
2.725 182.237
2.726 182.216
2.727 182.196
2.728 182.176
2.729 182.157
2.73 182.139
2.731 182.122
2.732 182.106
2.733 182.091
2.734 182.076
2.735 182.063
2.736 182.05
2.737 182.039
2.738 182.028
2.739 182.018
2.74 182.009
2.741 182.001
2.742 181.994
2.743 181.988
2.744 181.983
2.745 181.978
2.746 181.975
2.747 181.972
2.748 181.971
2.749 181.97
2.75 181.97
2.751 181.971
2.752 181.972
2.753 181.975
2.754 181.978
2.755 181.982
2.756 181.987
2.757 181.992
2.758 181.998
2.759 182.005
2.76 182.013
2.761 182.019
2.762 182.025
2.763 182.03
2.764 182.034
2.765 182.037
2.766 182.039
2.767 182.04
2.768 182.04
2.769 182.04
2.77 182.038
2.771 182.035
2.772 182.032
2.773 182.027
2.774 182.021
2.775 182.014
2.776 182.007
2.777 181.998
2.778 181.988
2.779 181.977
2.78 181.965
2.781 181.951
2.782 181.937
2.783 181.922
2.784 181.905
2.785 181.888
2.786 181.869
2.787 181.849
2.788 181.828
2.789 181.807
2.79 181.784
2.791 181.76
2.792 181.735
2.793 181.708
2.794 181.681
2.795 181.653
2.796 181.624
2.797 181.594
2.798 181.562
2.799 181.53
2.8 181.497
2.801 181.463
2.802 181.428
2.803 181.392
2.804 181.355
2.805 181.318
2.806 181.279
2.807 181.24
2.808 181.199
2.809 181.158
2.81 181.117
2.811 181.074
2.812 181.031
2.813 180.987
2.814 180.942
2.815 180.897
2.816 180.851
2.817 180.805
2.818 180.758
2.819 180.711
2.82 180.663
2.821 180.614
2.822 180.565
2.823 180.516
2.824 180.466
2.825 180.416
2.826 180.366
2.827 180.314
2.828 180.26
2.829 180.204
2.83 180.144
2.831 180.083
2.832 180.018
2.833 179.952
2.834 179.883
2.835 179.811
2.836 179.737
2.837 179.66
2.838 179.582
2.839 179.5
2.84 179.417
2.841 179.332
2.842 179.244
2.843 179.154
2.844 179.063
2.845 178.97
2.846 178.874
2.847 178.778
2.848 178.679
2.849 178.579
2.85 178.478
2.851 178.376
2.852 178.274
2.853 178.172
2.854 178.07
2.855 177.968
2.856 177.867
2.857 177.766
2.858 177.665
2.859 177.565
2.86 177.465
2.861 177.366
2.862 177.268
2.863 177.17
2.864 177.074
2.865 176.978
2.866 176.884
2.867 176.791
2.868 176.699
2.869 176.608
2.87 176.518
2.871 176.43
2.872 176.343
2.873 176.257
2.874 176.173
2.875 176.09
2.876 176.008
2.877 175.928
2.878 175.85
2.879 175.774
2.88 175.699
2.881 175.626
2.882 175.555
2.883 175.486
2.884 175.419
2.885 175.353
2.886 175.29
2.887 175.229
2.888 175.17
2.889 175.114
2.89 175.059
2.891 175.007
2.892 174.957
2.893 174.909
2.894 174.864
2.895 174.821
2.896 174.78
2.897 174.742
2.898 174.706
2.899 174.672
2.9 174.641
2.901 174.613
2.902 174.586
2.903 174.563
2.904 174.541
2.905 174.522
2.906 174.506
2.907 174.492
2.908 174.48
2.909 174.47
2.91 174.463
2.911 174.459
2.912 174.456
2.913 174.456
2.914 174.458
2.915 174.463
2.916 174.469
2.917 174.478
2.918 174.489
2.919 174.502
2.92 174.517
2.921 174.534
2.922 174.553
2.923 174.574
2.924 174.597
2.925 174.622
2.926 174.648
2.927 174.677
2.928 174.707
2.929 174.738
2.93 174.77
2.931 174.802
2.932 174.835
2.933 174.867
2.934 174.9
2.935 174.933
2.936 174.966
2.937 174.998
2.938 175.031
2.939 175.063
2.94 175.096
2.941 175.128
2.942 175.159
2.943 175.19
2.944 175.221
2.945 175.251
2.946 175.281
2.947 175.31
2.948 175.338
2.949 175.366
2.95 175.393
2.951 175.419
2.952 175.444
2.953 175.469
2.954 175.492
2.955 175.515
2.956 175.536
2.957 175.556
2.958 175.576
2.959 175.595
2.96 175.615
2.961 175.635
2.962 175.656
2.963 175.676
2.964 175.697
2.965 175.717
2.966 175.738
2.967 175.758
2.968 175.779
2.969 175.799
2.97 175.82
2.971 175.84
2.972 175.86
2.973 175.88
2.974 175.899
2.975 175.918
2.976 175.937
2.977 175.955
2.978 175.973
2.979 175.991
2.98 176.008
2.981 176.024
2.982 176.04
2.983 176.055
2.984 176.07
2.985 176.084
2.986 176.097
2.987 176.11
2.988 176.122
2.989 176.133
2.99 176.143
2.991 176.152
2.992 176.158
2.993 176.163
2.994 176.165
2.995 176.166
2.996 176.164
2.997 176.16
2.998 176.154
2.999 176.146
3 176.136
3.001 176.124
3.002 176.109
3.003 176.093
3.004 176.074
3.005 176.053
3.006 176.03
3.007 176.005
3.008 175.978
3.009 175.949
3.01 175.918
3.011 175.885
3.012 175.85
3.013 175.812
3.014 175.773
3.015 175.732
3.016 175.689
3.017 175.645
3.018 175.598
3.019 175.549
3.02 175.499
3.021 175.447
3.022 175.394
3.023 175.339
3.024 175.282
3.025 175.224
3.026 175.166
3.027 175.11
3.028 175.055
3.029 175
3.03 174.947
3.031 174.895
3.032 174.845
3.033 174.795
3.034 174.748
3.035 174.701
3.036 174.657
3.037 174.613
3.038 174.572
3.039 174.531
3.04 174.491
3.041 174.451
3.042 174.41
3.043 174.37
3.044 174.329
3.045 174.289
3.046 174.248
3.047 174.208
3.048 174.167
3.049 174.127
3.05 174.086
3.051 174.046
3.052 174.006
3.053 173.966
3.054 173.926
3.055 173.886
3.056 173.847
3.057 173.807
3.058 173.768
3.059 173.729
3.06 173.69
3.061 173.651
3.062 173.613
3.063 173.574
3.064 173.536
3.065 173.499
3.066 173.461
3.067 173.424
3.068 173.388
3.069 173.352
3.07 173.317
3.071 173.283
3.072 173.249
3.073 173.215
3.074 173.183
3.075 173.15
3.076 173.119
3.077 173.088
3.078 173.057
3.079 173.028
3.08 172.999
3.081 172.97
3.082 172.942
3.083 172.915
3.084 172.888
3.085 172.862
3.086 172.837
3.087 172.812
3.088 172.788
3.089 172.765
3.09 172.742
3.091 172.72
3.092 172.698
3.093 172.677
3.094 172.657
3.095 172.637
3.096 172.618
3.097 172.6
3.098 172.582
3.099 172.565
3.1 172.548
3.101 172.532
3.102 172.517
3.103 172.502
3.104 172.488
3.105 172.475
3.106 172.462
3.107 172.45
3.108 172.438
3.109 172.428
3.11 172.417
3.111 172.408
3.112 172.398
3.113 172.39
3.114 172.382
3.115 172.375
3.116 172.368
3.117 172.362
3.118 172.357
3.119 172.352
3.12 172.348
3.121 172.344
3.122 172.341
3.123 172.339
3.124 172.337
3.125 172.335
3.126 172.335
3.127 172.334
3.128 172.336
3.129 172.339
3.13 172.344
3.131 172.351
3.132 172.36
3.133 172.37
3.134 172.383
3.135 172.397
3.136 172.412
3.137 172.43
3.138 172.449
3.139 172.47
3.14 172.492
3.141 172.516
3.142 172.542
3.143 172.57
3.144 172.598
3.145 172.629
3.146 172.661
3.147 172.695
3.148 172.73
3.149 172.766
3.15 172.804
3.151 172.843
3.152 172.884
3.153 172.925
3.154 172.969
3.155 173.013
3.156 173.058
3.157 173.105
3.158 173.153
3.159 173.202
3.16 173.251
3.161 173.302
3.162 173.354
3.163 173.407
3.164 173.46
3.165 173.514
3.166 173.569
3.167 173.625
3.168 173.681
3.169 173.738
3.17 173.795
3.171 173.853
3.172 173.911
3.173 173.969
3.174 174.028
3.175 174.087
3.176 174.146
3.177 174.206
3.178 174.265
3.179 174.325
3.18 174.384
3.181 174.443
3.182 174.503
3.183 174.562
3.184 174.62
3.185 174.679
3.186 174.737
3.187 174.794
3.188 174.852
3.189 174.909
3.19 174.966
3.191 175.024
3.192 175.083
3.193 175.142
3.194 175.201
3.195 175.261
3.196 175.321
3.197 175.381
3.198 175.442
3.199 175.502
3.2 175.563
3.201 175.623
3.202 175.683
3.203 175.744
3.204 175.804
3.205 175.863
3.206 175.923
3.207 175.982
3.208 176.041
3.209 176.099
3.21 176.157
3.211 176.214
3.212 176.271
3.213 176.326
3.214 176.382
3.215 176.436
3.216 176.49
3.217 176.542
3.218 176.594
3.219 176.645
3.22 176.695
3.221 176.744
3.222 176.792
3.223 176.839
3.224 176.884
3.225 176.929
3.226 176.972
3.227 177.014
3.228 177.054
3.229 177.094
3.23 177.132
3.231 177.168
3.232 177.203
3.233 177.237
3.234 177.269
3.235 177.3
3.236 177.329
3.237 177.357
3.238 177.383
3.239 177.408
3.24 177.431
3.241 177.452
3.242 177.472
3.243 177.49
3.244 177.506
3.245 177.521
3.246 177.534
3.247 177.546
3.248 177.558
3.249 177.569
3.25 177.581
3.251 177.593
3.252 177.605
3.253 177.616
3.254 177.628
3.255 177.639
3.256 177.651
3.257 177.662
3.258 177.673
3.259 177.684
3.26 177.695
3.261 177.705
3.262 177.716
3.263 177.726
3.264 177.736
3.265 177.746
3.266 177.755
3.267 177.764
3.268 177.773
3.269 177.781
3.27 177.789
3.271 177.797
3.272 177.804
3.273 177.81
3.274 177.817
3.275 177.822
3.276 177.828
3.277 177.832
3.278 177.836
3.279 177.84
3.28 177.843
3.281 177.845
3.282 177.846
3.283 177.847
3.284 177.847
3.285 177.847
3.286 177.845
3.287 177.843
3.288 177.839
3.289 177.835
3.29 177.83
3.291 177.824
3.292 177.817
3.293 177.809
3.294 177.8
3.295 177.789
3.296 177.778
3.297 177.765
3.298 177.749
3.299 177.731
3.3 177.711
3.301 177.688
3.302 177.663
3.303 177.635
3.304 177.606
3.305 177.573
3.306 177.538
3.307 177.501
3.308 177.461
3.309 177.418
3.31 177.373
3.311 177.326
3.312 177.275
3.313 177.222
3.314 177.167
3.315 177.109
3.316 177.048
3.317 176.984
3.318 176.918
3.319 176.849
3.32 176.777
3.321 176.703
3.322 176.626
3.323 176.546
3.324 176.463
3.325 176.378
3.326 176.291
3.327 176.201
3.328 176.108
3.329 176.012
3.33 175.915
3.331 175.814
3.332 175.712
3.333 175.607
3.334 175.5
3.335 175.39
3.336 175.279
3.337 175.165
3.338 175.049
3.339 174.932
3.34 174.813
3.341 174.692
3.342 174.57
3.343 174.447
3.344 174.322
3.345 174.196
3.346 174.069
3.347 173.942
3.348 173.814
3.349 173.685
3.35 173.557
3.351 173.428
3.352 173.3
3.353 173.172
3.354 173.045
3.355 172.919
3.356 172.794
3.357 172.67
3.358 172.548
3.359 172.428
3.36 172.311
3.361 172.195
3.362 172.083
3.363 171.973
3.364 171.867
3.365 171.764
3.366 171.665
3.367 171.57
3.368 171.479
3.369 171.393
3.37 171.311
3.371 171.234
3.372 171.163
3.373 171.097
3.374 171.036
3.375 170.981
3.376 170.932
3.377 170.889
3.378 170.852
3.379 170.822
3.38 170.797
3.381 170.779
3.382 170.767
3.383 170.761
3.384 170.762
3.385 170.769
3.386 170.782
3.387 170.802
3.388 170.827
3.389 170.858
3.39 170.896
3.391 170.939
3.392 170.987
3.393 171.041
3.394 171.1
3.395 171.164
3.396 171.233
3.397 171.306
3.398 171.384
3.399 171.466
3.4 171.551
3.401 171.641
3.402 171.733
3.403 171.829
3.404 171.928
3.405 172.029
3.406 172.133
3.407 172.239
3.408 172.347
3.409 172.456
3.41 172.567
3.411 172.68
3.412 172.793
3.413 172.908
3.414 173.023
3.415 173.138
3.416 173.254
3.417 173.37
3.418 173.486
3.419 173.602
3.42 173.717
3.421 173.832
3.422 173.947
3.423 174.061
3.424 174.174
3.425 174.286
3.426 174.397
3.427 174.507
3.428 174.616
3.429 174.724
3.43 174.83
3.431 174.935
3.432 175.038
3.433 175.141
3.434 175.241
3.435 175.34
3.436 175.437
3.437 175.533
3.438 175.627
3.439 175.719
3.44 175.81
3.441 175.899
3.442 175.986
3.443 176.071
3.444 176.154
3.445 176.236
3.446 176.316
3.447 176.394
3.448 176.47
3.449 176.544
3.45 176.617
3.451 176.687
3.452 176.756
3.453 176.823
3.454 176.888
3.455 176.951
3.456 177.013
3.457 177.072
3.458 177.13
3.459 177.186
3.46 177.24
3.461 177.292
3.462 177.343
3.463 177.391
3.464 177.438
3.465 177.483
3.466 177.526
3.467 177.567
3.468 177.607
3.469 177.644
3.47 177.68
3.471 177.715
3.472 177.747
3.473 177.778
3.474 177.807
3.475 177.834
3.476 177.859
3.477 177.883
3.478 177.905
3.479 177.925
3.48 177.944
3.481 177.96
3.482 177.976
3.483 177.989
3.484 178.001
3.485 178.011
3.486 178.02
3.487 178.027
3.488 178.032
3.489 178.036
3.49 178.038
3.491 178.038
3.492 178.037
3.493 178.035
3.494 178.031
3.495 178.026
3.496 178.02
3.497 178.014
3.498 178.007
3.499 178
3.5 177.993
3.501 177.985
3.502 177.977
3.503 177.969
3.504 177.96
3.505 177.951
3.506 177.941
3.507 177.932
3.508 177.922
3.509 177.911
3.51 177.901
3.511 177.89
3.512 177.879
3.513 177.866
3.514 177.851
3.515 177.836
3.516 177.819
3.517 177.801
3.518 177.782
3.519 177.762
3.52 177.741
3.521 177.718
3.522 177.694
3.523 177.669
3.524 177.643
3.525 177.616
3.526 177.588
3.527 177.558
3.528 177.528
3.529 177.497
3.53 177.464
3.531 177.431
3.532 177.397
3.533 177.361
3.534 177.325
3.535 177.288
3.536 177.25
3.537 177.212
3.538 177.172
3.539 177.132
3.54 177.091
3.541 177.049
3.542 177.006
3.543 176.963
3.544 176.919
3.545 176.875
3.546 176.83
3.547 176.784
3.548 176.738
3.549 176.692
3.55 176.645
3.551 176.597
3.552 176.549
3.553 176.501
3.554 176.452
3.555 176.403
3.556 176.354
3.557 176.305
3.558 176.255
3.559 176.205
3.56 176.155
3.561 176.105
3.562 176.055
3.563 176.005
3.564 175.954
3.565 175.904
3.566 175.854
3.567 175.803
3.568 175.753
3.569 175.703
3.57 175.653
3.571 175.604
3.572 175.554
3.573 175.505
3.574 175.456
3.575 175.407
3.576 175.358
3.577 175.31
3.578 175.262
3.579 175.215
3.58 175.168
3.581 175.121
3.582 175.074
3.583 175.026
3.584 174.976
3.585 174.925
3.586 174.872
3.587 174.817
3.588 174.76
3.589 174.7
3.59 174.638
3.591 174.573
3.592 174.505
3.593 174.436
3.594 174.364
3.595 174.289
3.596 174.212
3.597 174.133
3.598 174.051
3.599 173.968
3.6 173.882
3.601 173.793
3.602 173.703
3.603 173.611
3.604 173.516
3.605 173.419
3.606 173.321
3.607 173.22
3.608 173.118
3.609 173.013
3.61 172.907
3.611 172.799
3.612 172.689
3.613 172.577
3.614 172.464
3.615 172.349
3.616 172.232
3.617 172.114
3.618 171.994
3.619 171.873
3.62 171.75
3.621 171.626
3.622 171.5
3.623 171.373
3.624 171.245
3.625 171.115
3.626 170.984
3.627 170.853
3.628 170.719
3.629 170.585
3.63 170.45
3.631 170.314
3.632 170.177
3.633 170.04
3.634 169.901
3.635 169.762
3.636 169.623
3.637 169.483
3.638 169.342
3.639 169.201
3.64 169.06
3.641 168.919
3.642 168.778
3.643 168.637
3.644 168.496
3.645 168.355
3.646 168.216
3.647 168.077
3.648 167.938
3.649 167.801
3.65 167.666
3.651 167.531
3.652 167.398
3.653 167.268
3.654 167.139
3.655 167.012
3.656 166.888
3.657 166.768
3.658 166.65
3.659 166.535
3.66 166.424
3.661 166.317
3.662 166.215
3.663 166.116
3.664 166.023
3.665 165.935
3.666 165.852
3.667 165.775
3.668 165.703
3.669 165.638
3.67 165.58
3.671 165.528
3.672 165.484
3.673 165.446
3.674 165.416
3.675 165.394
3.676 165.38
3.677 165.374
3.678 165.376
3.679 165.386
3.68 165.405
3.681 165.432
3.682 165.468
3.683 165.512
3.684 165.565
3.685 165.626
3.686 165.695
3.687 165.773
3.688 165.86
3.689 165.954
3.69 166.056
3.691 166.166
3.692 166.283
3.693 166.407
3.694 166.539
3.695 166.677
3.696 166.821
3.697 166.971
3.698 167.127
3.699 167.289
3.7 167.455
3.701 167.627
3.702 167.802
3.703 167.982
3.704 168.165
3.705 168.352
3.706 168.541
3.707 168.733
3.708 168.927
3.709 169.123
3.71 169.321
3.711 169.52
3.712 169.722
3.713 169.925
3.714 170.129
3.715 170.335
3.716 170.541
3.717 170.748
3.718 170.955
3.719 171.162
3.72 171.369
3.721 171.575
3.722 171.781
3.723 171.986
3.724 172.189
3.725 172.392
3.726 172.593
3.727 172.792
3.728 172.99
3.729 173.186
3.73 173.38
3.731 173.571
3.732 173.758
3.733 173.941
3.734 174.118
3.735 174.291
3.736 174.459
3.737 174.622
3.738 174.779
3.739 174.932
3.74 175.079
3.741 175.221
3.742 175.357
3.743 175.488
3.744 175.614
3.745 175.734
3.746 175.848
3.747 175.957
3.748 176.061
3.749 176.159
3.75 176.251
3.751 176.337
3.752 176.418
3.753 176.494
3.754 176.563
3.755 176.628
3.756 176.686
3.757 176.739
3.758 176.787
3.759 176.828
3.76 176.865
3.761 176.896
3.762 176.921
3.763 176.941
3.764 176.956
3.765 176.965
3.766 176.969
3.767 176.968
3.768 176.961
3.769 176.95
3.77 176.933
3.771 176.91
3.772 176.883
3.773 176.85
3.774 176.811
3.775 176.768
3.776 176.719
3.777 176.665
3.778 176.606
3.779 176.543
3.78 176.474
3.781 176.402
3.782 176.328
3.783 176.252
3.784 176.174
3.785 176.094
3.786 176.013
3.787 175.93
3.788 175.847
3.789 175.763
3.79 175.678
3.791 175.592
3.792 175.506
3.793 175.419
3.794 175.331
3.795 175.244
3.796 175.156
3.797 175.068
3.798 174.979
3.799 174.891
3.8 174.803
3.801 174.716
3.802 174.628
3.803 174.541
3.804 174.454
3.805 174.368
3.806 174.282
3.807 174.197
3.808 174.113
3.809 174.03
3.81 173.948
3.811 173.866
3.812 173.786
3.813 173.706
3.814 173.628
3.815 173.552
3.816 173.476
3.817 173.402
3.818 173.329
3.819 173.258
3.82 173.188
3.821 173.12
3.822 173.054
3.823 172.989
3.824 172.926
3.825 172.865
3.826 172.806
3.827 172.749
3.828 172.693
3.829 172.639
3.83 172.588
3.831 172.538
3.832 172.491
3.833 172.445
3.834 172.402
3.835 172.361
3.836 172.322
3.837 172.285
3.838 172.25
3.839 172.217
3.84 172.187
3.841 172.159
3.842 172.133
3.843 172.109
3.844 172.087
3.845 172.068
3.846 172.051
3.847 172.036
3.848 172.023
3.849 172.012
3.85 172.003
3.851 171.997
3.852 171.993
3.853 171.991
3.854 171.991
3.855 171.992
3.856 171.996
3.857 172.002
3.858 172.01
3.859 172.02
3.86 172.032
3.861 172.046
3.862 172.061
3.863 172.078
3.864 172.097
3.865 172.118
3.866 172.14
3.867 172.164
3.868 172.189
3.869 172.216
3.87 172.245
3.871 172.274
3.872 172.306
3.873 172.338
3.874 172.372
3.875 172.406
3.876 172.442
3.877 172.479
3.878 172.517
3.879 172.556
3.88 172.596
3.881 172.636
3.882 172.678
3.883 172.72
3.884 172.762
3.885 172.805
3.886 172.849
3.887 172.893
3.888 172.937
3.889 172.982
3.89 173.026
3.891 173.071
3.892 173.116
3.893 173.161
3.894 173.206
3.895 173.251
3.896 173.295
3.897 173.339
3.898 173.383
3.899 173.426
3.9 173.469
3.901 173.511
3.902 173.553
3.903 173.594
3.904 173.634
3.905 173.673
3.906 173.711
3.907 173.749
3.908 173.785
3.909 173.82
3.91 173.854
3.911 173.887
3.912 173.919
3.913 173.949
3.914 173.978
3.915 174.005
3.916 174.031
3.917 174.055
3.918 174.078
3.919 174.098
3.92 174.118
3.921 174.135
3.922 174.151
3.923 174.165
3.924 174.177
3.925 174.187
3.926 174.195
3.927 174.201
3.928 174.205
3.929 174.207
3.93 174.21
3.931 174.212
3.932 174.215
3.933 174.218
3.934 174.221
3.935 174.224
3.936 174.228
3.937 174.231
3.938 174.234
3.939 174.238
3.94 174.241
3.941 174.245
3.942 174.249
3.943 174.252
3.944 174.256
3.945 174.26
3.946 174.263
3.947 174.267
3.948 174.271
3.949 174.275
3.95 174.279
3.951 174.283
3.952 174.287
3.953 174.291
3.954 174.295
3.955 174.299
3.956 174.303
3.957 174.308
3.958 174.313
3.959 174.317
3.96 174.323
3.961 174.328
3.962 174.333
3.963 174.339
3.964 174.345
3.965 174.352
3.966 174.358
3.967 174.366
3.968 174.373
3.969 174.381
3.97 174.39
3.971 174.399
3.972 174.408
3.973 174.419
3.974 174.429
3.975 174.44
3.976 174.45
3.977 174.459
3.978 174.467
3.979 174.474
3.98 174.48
3.981 174.485
3.982 174.489
3.983 174.493
3.984 174.495
3.985 174.497
3.986 174.498
3.987 174.499
3.988 174.498
3.989 174.498
3.99 174.496
3.991 174.495
3.992 174.492
3.993 174.49
3.994 174.487
3.995 174.484
3.996 174.48
3.997 174.476
3.998 174.472
3.999 174.468
4 174.464
4.001 174.46
4.002 174.456
4.003 174.451
4.004 174.447
4.005 174.443
4.006 174.439
4.007 174.435
4.008 174.432
4.009 174.428
4.01 174.425
4.011 174.422
4.012 174.419
4.013 174.417
4.014 174.415
4.015 174.413
4.016 174.412
4.017 174.411
4.018 174.411
4.019 174.411
4.02 174.412
4.021 174.413
4.022 174.415
4.023 174.417
4.024 174.42
4.025 174.424
4.026 174.428
4.027 174.433
4.028 174.439
4.029 174.446
4.03 174.453
4.031 174.461
4.032 174.47
4.033 174.479
4.034 174.489
4.035 174.5
4.036 174.512
4.037 174.525
4.038 174.538
4.039 174.552
4.04 174.568
4.041 174.584
4.042 174.6
4.043 174.618
4.044 174.637
4.045 174.656
4.046 174.677
4.047 174.698
4.048 174.721
4.049 174.743
4.05 174.764
4.051 174.785
4.052 174.805
4.053 174.825
4.054 174.844
4.055 174.863
4.056 174.882
4.057 174.899
4.058 174.917
4.059 174.934
4.06 174.951
4.061 174.967
4.062 174.983
4.063 174.998
4.064 175.014
4.065 175.029
4.066 175.043
4.067 175.058
4.068 175.072
4.069 175.086
4.07 175.1
4.071 175.114
4.072 175.128
4.073 175.142
4.074 175.156
4.075 175.17
4.076 175.183
4.077 175.197
4.078 175.211
4.079 175.225
4.08 175.239
4.081 175.253
4.082 175.268
4.083 175.282
4.084 175.295
4.085 175.308
4.086 175.321
4.087 175.334
4.088 175.346
4.089 175.357
4.09 175.368
4.091 175.379
4.092 175.39
4.093 175.401
4.094 175.411
4.095 175.421
4.096 175.431
4.097 175.44
4.098 175.45
4.099 175.459
4.1 175.468
4.101 175.478
4.102 175.487
4.103 175.496
4.104 175.505
4.105 175.514
4.106 175.523
4.107 175.532
4.108 175.541
4.109 175.55
4.11 175.559
4.111 175.568
4.112 175.577
4.113 175.586
4.114 175.596
4.115 175.606
4.116 175.615
4.117 175.625
4.118 175.635
4.119 175.645
4.12 175.656
4.121 175.666
4.122 175.677
4.123 175.688
4.124 175.699
4.125 175.711
4.126 175.722
4.127 175.734
4.128 175.746
4.129 175.759
4.13 175.771
4.131 175.784
4.132 175.797
4.133 175.811
4.134 175.824
4.135 175.838
4.136 175.853
4.137 175.867
4.138 175.882
4.139 175.897
4.14 175.912
4.141 175.927
4.142 175.943
4.143 175.959
4.144 175.976
4.145 175.992
4.146 176.009
4.147 176.026
4.148 176.043
4.149 176.061
4.15 176.079
4.151 176.097
4.152 176.115
4.153 176.133
4.154 176.152
4.155 176.171
4.156 176.19
4.157 176.209
4.158 176.229
4.159 176.248
4.16 176.268
4.161 176.288
4.162 176.308
4.163 176.328
4.164 176.348
4.165 176.369
4.166 176.389
4.167 176.41
4.168 176.43
4.169 176.45
4.17 176.471
4.171 176.491
4.172 176.512
4.173 176.532
4.174 176.554
4.175 176.577
4.176 176.602
4.177 176.628
4.178 176.656
4.179 176.686
4.18 176.717
4.181 176.749
4.182 176.783
4.183 176.819
4.184 176.856
4.185 176.894
4.186 176.933
4.187 176.974
4.188 177.016
4.189 177.059
4.19 177.103
4.191 177.148
4.192 177.194
4.193 177.24
4.194 177.288
4.195 177.337
4.196 177.386
4.197 177.435
4.198 177.486
4.199 177.537
4.2 177.588
4.201 177.639
4.202 177.691
4.203 177.744
4.204 177.796
4.205 177.848
4.206 177.901
4.207 177.953
4.208 178.005
4.209 178.057
4.21 178.109
4.211 178.16
4.212 178.211
4.213 178.261
4.214 178.311
4.215 178.36
4.216 178.408
4.217 178.456
4.218 178.503
4.219 178.548
4.22 178.593
4.221 178.637
4.222 178.68
4.223 178.721
4.224 178.762
4.225 178.801
4.226 178.838
4.227 178.875
4.228 178.91
4.229 178.943
4.23 178.975
4.231 179.005
4.232 179.034
4.233 179.061
4.234 179.086
4.235 179.109
4.236 179.131
4.237 179.151
4.238 179.17
4.239 179.186
4.24 179.201
4.241 179.213
4.242 179.224
4.243 179.233
4.244 179.24
4.245 179.246
4.246 179.25
4.247 179.255
4.248 179.259
4.249 179.263
4.25 179.267
4.251 179.27
4.252 179.274
4.253 179.276
4.254 179.279
4.255 179.281
4.256 179.284
4.257 179.286
4.258 179.288
4.259 179.289
4.26 179.291
4.261 179.292
4.262 179.294
4.263 179.295
4.264 179.297
4.265 179.298
4.266 179.3
4.267 179.301
4.268 179.303
4.269 179.305
4.27 179.307
4.271 179.309
4.272 179.312
4.273 179.315
4.274 179.318
4.275 179.322
4.276 179.325
4.277 179.33
4.278 179.335
4.279 179.34
4.28 179.346
4.281 179.353
4.282 179.361
4.283 179.37
4.284 179.381
4.285 179.393
4.286 179.407
4.287 179.421
4.288 179.437
4.289 179.455
4.29 179.474
4.291 179.494
4.292 179.516
4.293 179.539
4.294 179.564
4.295 179.589
4.296 179.617
4.297 179.645
4.298 179.675
4.299 179.705
4.3 179.737
4.301 179.77
4.302 179.805
4.303 179.84
4.304 179.876
4.305 179.913
4.306 179.952
4.307 179.991
4.308 180.031
4.309 180.072
4.31 180.115
4.311 180.157
4.312 180.201
4.313 180.246
4.314 180.291
4.315 180.337
4.316 180.384
4.317 180.431
4.318 180.479
4.319 180.527
4.32 180.576
4.321 180.625
4.322 180.675
4.323 180.724
4.324 180.775
4.325 180.825
4.326 180.876
4.327 180.927
4.328 180.978
4.329 181.029
4.33 181.08
4.331 181.131
4.332 181.182
4.333 181.232
4.334 181.283
4.335 181.333
4.336 181.383
4.337 181.433
4.338 181.482
4.339 181.531
4.34 181.58
4.341 181.628
4.342 181.675
4.343 181.722
4.344 181.769
4.345 181.814
4.346 181.859
4.347 181.904
4.348 181.947
4.349 181.99
4.35 182.032
4.351 182.073
4.352 182.113
4.353 182.152
4.354 182.19
4.355 182.227
4.356 182.264
4.357 182.299
4.358 182.333
4.359 182.366
4.36 182.398
4.361 182.429
4.362 182.458
4.363 182.484
4.364 182.508
4.365 182.53
4.366 182.549
4.367 182.566
4.368 182.581
4.369 182.593
4.37 182.602
4.371 182.61
4.372 182.615
4.373 182.617
4.374 182.617
4.375 182.615
4.376 182.61
4.377 182.603
4.378 182.594
4.379 182.582
4.38 182.568
4.381 182.552
4.382 182.533
4.383 182.512
4.384 182.488
4.385 182.463
4.386 182.435
4.387 182.405
4.388 182.372
4.389 182.335
4.39 182.295
4.391 182.251
4.392 182.204
4.393 182.154
4.394 182.1
4.395 182.043
4.396 181.983
4.397 181.92
4.398 181.853
4.399 181.782
4.4 181.708
4.401 181.63
4.402 181.549
4.403 181.464
4.404 181.377
4.405 181.285
4.406 181.19
4.407 181.092
4.408 180.989
4.409 180.883
4.41 180.774
4.411 180.661
4.412 180.545
4.413 180.426
4.414 180.303
4.415 180.178
4.416 180.049
4.417 179.918
4.418 179.784
4.419 179.647
4.42 179.508
4.421 179.366
4.422 179.223
4.423 179.077
4.424 178.929
4.425 178.779
4.426 178.627
4.427 178.474
4.428 178.319
4.429 178.163
4.43 178.006
4.431 177.847
4.432 177.688
4.433 177.527
4.434 177.366
4.435 177.205
4.436 177.043
4.437 176.881
4.438 176.719
4.439 176.557
4.44 176.395
4.441 176.234
4.442 176.073
4.443 175.913
4.444 175.753
4.445 175.595
4.446 175.438
4.447 175.282
4.448 175.127
4.449 174.974
4.45 174.823
4.451 174.674
4.452 174.527
4.453 174.382
4.454 174.239
4.455 174.098
4.456 173.961
4.457 173.826
4.458 173.693
4.459 173.564
4.46 173.438
4.461 173.315
4.462 173.195
4.463 173.079
4.464 172.966
4.465 172.856
4.466 172.751
4.467 172.649
4.468 172.551
4.469 172.456
4.47 172.366
4.471 172.28
4.472 172.198
4.473 172.12
4.474 172.046
4.475 171.976
4.476 171.91
4.477 171.849
4.478 171.792
4.479 171.739
4.48 171.691
4.481 171.646
4.482 171.606
4.483 171.57
4.484 171.538
4.485 171.511
4.486 171.487
4.487 171.468
4.488 171.452
4.489 171.441
4.49 171.434
4.491 171.43
4.492 171.431
4.493 171.435
4.494 171.443
4.495 171.454
4.496 171.469
4.497 171.488
4.498 171.511
4.499 171.537
4.5 171.567
4.501 171.6
4.502 171.636
4.503 171.675
4.504 171.718
4.505 171.763
4.506 171.812
4.507 171.863
4.508 171.917
4.509 171.974
4.51 172.033
4.511 172.095
4.512 172.159
4.513 172.226
4.514 172.295
4.515 172.366
4.516 172.439
4.517 172.514
4.518 172.591
4.519 172.67
4.52 172.751
4.521 172.833
4.522 172.917
4.523 173.002
4.524 173.089
4.525 173.178
4.526 173.268
4.527 173.359
4.528 173.451
4.529 173.544
4.53 173.639
4.531 173.735
4.532 173.831
4.533 173.928
4.534 174.027
4.535 174.126
4.536 174.225
4.537 174.325
4.538 174.426
4.539 174.528
4.54 174.629
4.541 174.731
4.542 174.834
4.543 174.937
4.544 175.039
4.545 175.142
4.546 175.245
4.547 175.348
4.548 175.45
4.549 175.553
4.55 175.654
4.551 175.756
4.552 175.857
4.553 175.958
4.554 176.057
4.555 176.157
4.556 176.255
4.557 176.352
4.558 176.448
4.559 176.543
4.56 176.638
4.561 176.733
4.562 176.828
4.563 176.922
4.564 177.015
4.565 177.109
4.566 177.201
4.567 177.293
4.568 177.384
4.569 177.474
4.57 177.563
4.571 177.65
4.572 177.737
4.573 177.822
4.574 177.905
4.575 177.987
4.576 178.068
4.577 178.146
4.578 178.223
4.579 178.298
4.58 178.371
4.581 178.442
4.582 178.51
4.583 178.577
4.584 178.641
4.585 178.703
4.586 178.762
4.587 178.82
4.588 178.877
4.589 178.933
4.59 178.987
4.591 179.04
4.592 179.091
4.593 179.141
4.594 179.189
4.595 179.236
4.596 179.282
4.597 179.327
4.598 179.37
4.599 179.413
4.6 179.454
4.601 179.494
4.602 179.532
4.603 179.57
4.604 179.606
4.605 179.641
4.606 179.676
4.607 179.71
4.608 179.744
4.609 179.776
4.61 179.809
4.611 179.84
4.612 179.871
4.613 179.901
4.614 179.93
4.615 179.959
4.616 179.987
4.617 180.014
4.618 180.041
4.619 180.067
4.62 180.092
4.621 180.117
4.622 180.141
4.623 180.164
4.624 180.187
4.625 180.209
4.626 180.23
4.627 180.251
4.628 180.271
4.629 180.291
4.63 180.31
4.631 180.328
4.632 180.346
4.633 180.363
4.634 180.38
4.635 180.396
4.636 180.411
4.637 180.425
4.638 180.439
4.639 180.452
4.64 180.465
4.641 180.477
4.642 180.488
4.643 180.498
4.644 180.508
4.645 180.517
4.646 180.526
4.647 180.534
4.648 180.542
4.649 180.548
4.65 180.555
4.651 180.56
4.652 180.566
4.653 180.57
4.654 180.574
4.655 180.578
4.656 180.581
4.657 180.583
4.658 180.585
4.659 180.587
4.66 180.588
4.661 180.588
4.662 180.589
4.663 180.588
4.664 180.587
4.665 180.586
4.666 180.585
4.667 180.583
4.668 180.58
4.669 180.578
4.67 180.574
4.671 180.571
4.672 180.567
4.673 180.563
4.674 180.558
4.675 180.554
4.676 180.548
4.677 180.543
4.678 180.537
4.679 180.531
4.68 180.525
4.681 180.519
4.682 180.512
4.683 180.505
4.684 180.498
4.685 180.491
4.686 180.483
4.687 180.475
4.688 180.468
4.689 180.459
4.69 180.451
4.691 180.443
4.692 180.434
4.693 180.426
4.694 180.417
4.695 180.408
4.696 180.399
4.697 180.391
4.698 180.381
4.699 180.372
4.7 180.363
4.701 180.354
4.702 180.344
4.703 180.335
4.704 180.326
4.705 180.316
4.706 180.307
4.707 180.297
4.708 180.288
4.709 180.278
4.71 180.268
4.711 180.259
4.712 180.249
4.713 180.24
4.714 180.23
4.715 180.22
4.716 180.211
4.717 180.201
4.718 180.191
4.719 180.182
4.72 180.172
4.721 180.162
4.722 180.152
4.723 180.143
4.724 180.133
4.725 180.123
4.726 180.113
4.727 180.104
4.728 180.094
4.729 180.084
4.73 180.074
4.731 180.064
4.732 180.054
4.733 180.044
4.734 180.034
4.735 180.024
4.736 180.014
4.737 180.003
4.738 179.993
4.739 179.982
4.74 179.972
4.741 179.961
4.742 179.951
4.743 179.94
4.744 179.929
4.745 179.918
4.746 179.907
4.747 179.895
4.748 179.884
4.749 179.872
4.75 179.861
4.751 179.849
4.752 179.837
4.753 179.825
4.754 179.813
4.755 179.8
4.756 179.788
4.757 179.775
4.758 179.762
4.759 179.749
4.76 179.736
4.761 179.722
4.762 179.709
4.763 179.695
4.764 179.681
4.765 179.667
4.766 179.653
4.767 179.638
4.768 179.624
4.769 179.609
4.77 179.594
4.771 179.579
4.772 179.564
4.773 179.549
4.774 179.533
4.775 179.518
4.776 179.502
4.777 179.486
4.778 179.47
4.779 179.454
4.78 179.438
4.781 179.422
4.782 179.406
4.783 179.39
4.784 179.374
4.785 179.358
4.786 179.341
4.787 179.325
4.788 179.309
4.789 179.293
4.79 179.277
4.791 179.261
4.792 179.245
4.793 179.23
4.794 179.214
4.795 179.198
4.796 179.181
4.797 179.164
4.798 179.147
4.799 179.129
4.8 179.111
4.801 179.092
4.802 179.073
4.803 179.054
4.804 179.035
4.805 179.015
4.806 178.995
4.807 178.975
4.808 178.955
4.809 178.935
4.81 178.915
4.811 178.895
4.812 178.875
4.813 178.855
4.814 178.835
4.815 178.815
4.816 178.795
4.817 178.776
4.818 178.757
4.819 178.738
4.82 178.719
4.821 178.701
4.822 178.683
4.823 178.666
4.824 178.649
4.825 178.632
4.826 178.616
4.827 178.601
4.828 178.586
4.829 178.571
4.83 178.557
4.831 178.544
4.832 178.532
4.833 178.52
4.834 178.509
4.835 178.499
4.836 178.489
4.837 178.481
4.838 178.473
4.839 178.467
4.84 178.461
4.841 178.456
4.842 178.452
4.843 178.449
4.844 178.447
4.845 178.446
4.846 178.446
4.847 178.447
4.848 178.449
4.849 178.452
4.85 178.456
4.851 178.46
4.852 178.466
4.853 178.472
4.854 178.479
4.855 178.488
4.856 178.497
4.857 178.506
4.858 178.517
4.859 178.528
4.86 178.541
4.861 178.553
4.862 178.567
4.863 178.581
4.864 178.597
4.865 178.612
4.866 178.628
4.867 178.645
4.868 178.663
4.869 178.681
4.87 178.699
4.871 178.718
4.872 178.738
4.873 178.758
4.874 178.778
4.875 178.799
4.876 178.82
4.877 178.841
4.878 178.863
4.879 178.885
4.88 178.907
4.881 178.929
4.882 178.952
4.883 178.974
4.884 178.997
4.885 179.02
4.886 179.043
4.887 179.066
4.888 179.09
4.889 179.113
4.89 179.136
4.891 179.159
4.892 179.182
4.893 179.205
4.894 179.228
4.895 179.251
4.896 179.274
4.897 179.297
4.898 179.319
4.899 179.342
4.9 179.364
4.901 179.386
4.902 179.407
4.903 179.429
4.904 179.45
4.905 179.471
4.906 179.492
4.907 179.512
4.908 179.533
4.909 179.552
4.91 179.572
4.911 179.591
4.912 179.61
4.913 179.629
4.914 179.647
4.915 179.664
4.916 179.682
4.917 179.699
4.918 179.715
4.919 179.732
4.92 179.747
4.921 179.763
4.922 179.778
4.923 179.792
4.924 179.806
4.925 179.82
4.926 179.833
4.927 179.845
4.928 179.857
4.929 179.869
4.93 179.88
4.931 179.891
4.932 179.901
4.933 179.91
4.934 179.919
4.935 179.928
4.936 179.936
4.937 179.943
4.938 179.95
4.939 179.956
4.94 179.961
4.941 179.966
4.942 179.971
4.943 179.975
4.944 179.978
4.945 179.98
4.946 179.982
4.947 179.984
4.948 179.984
4.949 179.984
4.95 179.984
4.951 179.982
4.952 179.98
4.953 179.978
4.954 179.974
4.955 179.97
4.956 179.965
4.957 179.96
4.958 179.953
4.959 179.946
4.96 179.939
4.961 179.93
4.962 179.921
4.963 179.911
4.964 179.9
4.965 179.889
4.966 179.877
4.967 179.864
4.968 179.85
4.969 179.836
4.97 179.82
4.971 179.804
4.972 179.787
4.973 179.77
4.974 179.751
4.975 179.732
4.976 179.712
4.977 179.691
4.978 179.669
4.979 179.647
4.98 179.624
4.981 179.6
4.982 179.575
4.983 179.55
4.984 179.523
4.985 179.496
4.986 179.468
4.987 179.439
4.988 179.41
4.989 179.379
4.99 179.346
4.991 179.313
4.992 179.28
4.993 179.245
4.994 179.211
4.995 179.176
4.996 179.141
4.997 179.105
4.998 179.07
4.999 179.033
