0 2106.36
0.001 2106.42
0.002 2106.43
0.003 2106.4
0.004 2106.31
0.005 2106.17
0.006 2105.97
0.007 2105.71
0.008 2105.4
0.009 2105.02
0.01 2104.57
0.011 2104.06
0.012 2103.46
0.013 2102.79
0.014 2102.03
0.015 2101.18
0.016 2100.23
0.017 2099.17
0.018 2098
0.019 2096.7
0.02 2095.27
0.021 2093.71
0.022 2091.98
0.023 2090.09
0.024 2088.03
0.025 2085.77
0.026 2083.3
0.027 2080.61
0.028 2077.67
0.029 2074.47
0.03 2070.99
0.031 2067.21
0.032 2063.1
0.033 2058.64
0.034 2053.79
0.035 2048.54
0.036 2042.86
0.037 2036.71
0.038 2030.06
0.039 2022.87
0.04 2015.12
0.041 2006.78
0.042 1997.8
0.043 1988.15
0.044 1977.82
0.045 1966.76
0.046 1954.95
0.047 1942.39
0.048 1929.05
0.049 1914.93
0.05 1900.06
0.051 1884.44
0.052 1868.11
0.053 1851.14
0.054 1833.58
0.055 1815.53
0.056 1797.09
0.057 1778.39
0.058 1759.58
0.059 1740.79
0.06 1722.2
0.061 1703.98
0.062 1686.27
0.063 1669.26
0.064 1653.07
0.065 1637.83
0.066 1623.65
0.067 1610.61
0.068 1598.75
0.069 1588.1
0.07 1578.66
0.071 1570.4
0.072 1563.27
0.073 1557.2
0.074 1552.13
0.075 1547.96
0.076 1544.61
0.077 1541.99
0.078 1540.01
0.079 1538.58
0.08 1537.64
0.081 1537.11
0.082 1536.93
0.083 1537.05
0.084 1537.41
0.085 1537.98
0.086 1538.72
0.087 1539.62
0.088 1540.64
0.089 1541.78
0.09 1543.02
0.091 1544.36
0.092 1545.79
0.093 1547.32
0.094 1548.96
0.095 1550.7
0.096 1552.57
0.097 1554.57
0.098 1556.72
0.099 1559.03
0.1 1561.53
0.101 1564.21
0.102 1567.11
0.103 1570.24
0.104 1573.6
0.105 1577.21
0.106 1581.08
0.107 1585.21
0.108 1589.58
0.109 1594.21
0.11 1599.07
0.111 1604.14
0.112 1609.41
0.113 1614.83
0.114 1620.39
0.115 1626.04
0.116 1631.76
0.117 1637.5
0.118 1643.24
0.119 1648.93
0.12 1654.56
0.121 1660.1
0.122 1665.51
0.123 1670.79
0.124 1675.93
0.125 1680.89
0.126 1685.69
0.127 1690.32
0.128 1694.77
0.129 1699.04
0.13 1703.14
0.131 1707.06
0.132 1710.82
0.133 1714.42
0.134 1717.87
0.135 1721.17
0.136 1724.32
0.137 1727.34
0.138 1730.23
0.139 1732.98
0.14 1735.61
0.141 1738.1
0.142 1740.46
0.143 1742.69
0.144 1744.77
0.145 1746.71
0.146 1748.49
0.147 1750.11
0.148 1751.55
0.149 1752.82
0.15 1753.91
0.151 1754.81
0.152 1755.52
0.153 1756.04
0.154 1756.37
0.155 1756.51
0.156 1756.48
0.157 1756.28
0.158 1755.92
0.159 1755.41
0.16 1754.78
0.161 1754.02
0.162 1753.17
0.163 1752.25
0.164 1751.26
0.165 1750.24
0.166 1749.2
0.167 1748.18
0.168 1747.18
0.169 1746.24
0.17 1745.38
0.171 1744.62
0.172 1743.99
0.173 1743.51
0.174 1743.19
0.175 1743.07
0.176 1743.16
0.177 1743.47
0.178 1744.02
0.179 1744.81
0.18 1745.85
0.181 1747.12
0.182 1748.63
0.183 1750.35
0.184 1752.28
0.185 1754.39
0.186 1756.64
0.187 1759.01
0.188 1761.47
0.189 1763.99
0.19 1766.52
0.191 1769.04
0.192 1771.52
0.193 1773.92
0.194 1776.21
0.195 1778.39
0.196 1780.41
0.197 1782.26
0.198 1783.93
0.199 1785.4
0.2 1786.66
0.201 1787.71
0.202 1788.53
0.203 1789.12
0.204 1789.48
0.205 1789.61
0.206 1789.5
0.207 1789.16
0.208 1788.6
0.209 1787.81
0.21 1786.81
0.211 1785.59
0.212 1784.17
0.213 1782.55
0.214 1780.74
0.215 1778.76
0.216 1776.62
0.217 1774.34
0.218 1771.93
0.219 1769.41
0.22 1766.8
0.221 1764.12
0.222 1761.41
0.223 1758.67
0.224 1755.95
0.225 1753.26
0.226 1750.65
0.227 1748.12
0.228 1745.73
0.229 1743.48
0.23 1741.41
0.231 1739.55
0.232 1737.9
0.233 1736.5
0.234 1735.36
0.235 1734.49
0.236 1733.9
0.237 1733.58
0.238 1733.55
0.239 1733.79
0.24 1734.3
0.241 1735.06
0.242 1736.07
0.243 1737.3
0.244 1738.74
0.245 1740.36
0.246 1742.14
0.247 1744.06
0.248 1746.1
0.249 1748.23
0.25 1750.43
0.251 1752.68
0.252 1754.96
0.253 1757.24
0.254 1759.52
0.255 1761.77
0.256 1763.98
0.257 1766.13
0.258 1768.21
0.259 1770.21
0.26 1772.13
0.261 1773.95
0.262 1775.67
0.263 1777.29
0.264 1778.8
0.265 1780.2
0.266 1781.49
0.267 1782.68
0.268 1783.75
0.269 1784.73
0.27 1785.61
0.271 1786.39
0.272 1787.09
0.273 1787.71
0.274 1788.26
0.275 1788.74
0.276 1789.16
0.277 1789.53
0.278 1789.87
0.279 1790.17
0.28 1790.44
0.281 1790.7
0.282 1790.95
0.283 1791.2
0.284 1791.45
0.285 1791.71
0.286 1791.99
0.287 1792.28
0.288 1792.59
0.289 1792.93
0.29 1793.28
0.291 1793.66
0.292 1794.06
0.293 1794.49
0.294 1794.93
0.295 1795.39
0.296 1795.87
0.297 1796.35
0.298 1796.85
0.299 1797.35
0.3 1797.85
0.301 1798.36
0.302 1798.85
0.303 1799.35
0.304 1799.83
0.305 1800.3
0.306 1800.76
0.307 1801.2
0.308 1801.63
0.309 1802.04
0.31 1802.44
0.311 1802.81
0.312 1803.17
0.313 1803.52
0.314 1803.85
0.315 1804.17
0.316 1804.48
0.317 1804.79
0.318 1805.1
0.319 1805.41
0.32 1805.73
0.321 1806.06
0.322 1806.41
0.323 1806.79
0.324 1807.2
0.325 1807.65
0.326 1808.15
0.327 1808.69
0.328 1809.3
0.329 1809.97
0.33 1810.71
0.331 1811.52
0.332 1812.41
0.333 1813.39
0.334 1814.44
0.335 1815.58
0.336 1816.81
0.337 1818.11
0.338 1819.5
0.339 1820.97
0.34 1822.51
0.341 1824.12
0.342 1825.79
0.343 1827.52
0.344 1829.3
0.345 1831.12
0.346 1832.97
0.347 1834.85
0.348 1836.75
0.349 1838.65
0.35 1840.56
0.351 1842.47
0.352 1844.36
0.353 1846.24
0.354 1848.09
0.355 1849.91
0.356 1851.69
0.357 1853.44
0.358 1855.14
0.359 1856.79
0.36 1858.39
0.361 1859.94
0.362 1861.43
0.363 1862.87
0.364 1864.24
0.365 1865.56
0.366 1866.81
0.367 1867.99
0.368 1869.12
0.369 1870.18
0.37 1871.18
0.371 1872.11
0.372 1872.98
0.373 1873.78
0.374 1874.53
0.375 1875.21
0.376 1875.83
0.377 1876.38
0.378 1876.88
0.379 1877.32
0.38 1877.71
0.381 1878.03
0.382 1878.3
0.383 1878.52
0.384 1878.69
0.385 1878.8
0.386 1878.86
0.387 1878.88
0.388 1878.85
0.389 1878.77
0.39 1878.65
0.391 1878.49
0.392 1878.29
0.393 1878.04
0.394 1877.77
0.395 1877.45
0.396 1877.1
0.397 1876.72
0.398 1876.31
0.399 1875.88
0.4 1875.41
0.401 1874.92
0.402 1874.41
0.403 1873.87
0.404 1873.32
0.405 1872.75
0.406 1872.16
0.407 1871.55
0.408 1870.94
0.409 1870.31
0.41 1869.67
0.411 1869.02
0.412 1868.37
0.413 1867.71
0.414 1867.04
0.415 1866.37
0.416 1865.7
0.417 1865.03
0.418 1864.36
0.419 1863.69
0.42 1863.02
0.421 1862.36
0.422 1861.7
0.423 1861.05
0.424 1860.4
0.425 1859.76
0.426 1859.12
0.427 1858.49
0.428 1857.87
0.429 1857.26
0.43 1856.65
0.431 1856.05
0.432 1855.46
0.433 1854.88
0.434 1854.3
0.435 1853.73
0.436 1853.17
0.437 1852.62
0.438 1852.07
0.439 1851.53
0.44 1850.99
0.441 1850.45
0.442 1849.92
0.443 1849.4
0.444 1848.87
0.445 1848.35
0.446 1847.82
0.447 1847.3
0.448 1846.77
0.449 1846.24
0.45 1845.71
0.451 1845.18
0.452 1844.64
0.453 1844.1
0.454 1843.55
0.455 1843
0.456 1842.44
0.457 1841.88
0.458 1841.32
0.459 1840.75
0.46 1840.18
0.461 1839.6
0.462 1839.02
0.463 1838.44
0.464 1837.87
0.465 1837.29
0.466 1836.72
0.467 1836.16
0.468 1835.61
0.469 1835.07
0.47 1834.54
0.471 1834.03
0.472 1833.54
0.473 1833.08
0.474 1832.64
0.475 1832.22
0.476 1831.84
0.477 1831.49
0.478 1831.18
0.479 1830.9
0.48 1830.66
0.481 1830.46
0.482 1830.29
0.483 1830.17
0.484 1830.08
0.485 1830.03
0.486 1830.01
0.487 1830.03
0.488 1830.07
0.489 1830.15
0.49 1830.25
0.491 1830.37
0.492 1830.51
0.493 1830.67
0.494 1830.83
0.495 1831.01
0.496 1831.2
0.497 1831.38
0.498 1831.57
0.499 1831.75
0.5 1831.93
0.501 1832.1
0.502 1832.26
0.503 1832.4
0.504 1832.54
0.505 1832.65
0.506 1832.76
0.507 1832.84
0.508 1832.9
0.509 1832.95
0.51 1832.97
0.511 1832.98
0.512 1832.96
0.513 1832.93
0.514 1832.87
0.515 1832.79
0.516 1832.68
0.517 1832.56
0.518 1832.42
0.519 1832.25
0.52 1832.06
0.521 1831.85
0.522 1831.62
0.523 1831.37
0.524 1831.1
0.525 1830.8
0.526 1830.49
0.527 1830.16
0.528 1829.8
0.529 1829.42
0.53 1829.03
0.531 1828.61
0.532 1828.18
0.533 1827.73
0.534 1827.25
0.535 1826.76
0.536 1826.26
0.537 1825.74
0.538 1825.2
0.539 1824.65
0.54 1824.09
0.541 1823.51
0.542 1822.93
0.543 1822.34
0.544 1821.75
0.545 1821.16
0.546 1820.57
0.547 1819.98
0.548 1819.4
0.549 1818.83
0.55 1818.27
0.551 1817.73
0.552 1817.21
0.553 1816.71
0.554 1816.25
0.555 1815.81
0.556 1815.4
0.557 1815.03
0.558 1814.7
0.559 1814.4
0.56 1814.15
0.561 1813.94
0.562 1813.76
0.563 1813.63
0.564 1813.54
0.565 1813.48
0.566 1813.46
0.567 1813.47
0.568 1813.52
0.569 1813.59
0.57 1813.69
0.571 1813.8
0.572 1813.94
0.573 1814.09
0.574 1814.25
0.575 1814.42
0.576 1814.59
0.577 1814.77
0.578 1814.95
0.579 1815.12
0.58 1815.28
0.581 1815.44
0.582 1815.6
0.583 1815.74
0.584 1815.87
0.585 1815.99
0.586 1816.1
0.587 1816.19
0.588 1816.27
0.589 1816.34
0.59 1816.4
0.591 1816.45
0.592 1816.49
0.593 1816.51
0.594 1816.52
0.595 1816.53
0.596 1816.53
0.597 1816.52
0.598 1816.5
0.599 1816.47
0.6 1816.44
0.601 1816.4
0.602 1816.36
0.603 1816.32
0.604 1816.27
0.605 1816.22
0.606 1816.17
0.607 1816.11
0.608 1816.06
0.609 1816
0.61 1815.94
0.611 1815.88
0.612 1815.82
0.613 1815.76
0.614 1815.7
0.615 1815.64
0.616 1815.58
0.617 1815.52
0.618 1815.46
0.619 1815.41
0.62 1815.35
0.621 1815.29
0.622 1815.23
0.623 1815.17
0.624 1815.11
0.625 1815.04
0.626 1814.98
0.627 1814.92
0.628 1814.86
0.629 1814.8
0.63 1814.73
0.631 1814.67
0.632 1814.6
0.633 1814.53
0.634 1814.47
0.635 1814.4
0.636 1814.33
0.637 1814.26
0.638 1814.18
0.639 1814.11
0.64 1814.03
0.641 1813.95
0.642 1813.88
0.643 1813.79
0.644 1813.71
0.645 1813.63
0.646 1813.54
0.647 1813.46
0.648 1813.37
0.649 1813.27
0.65 1813.18
0.651 1813.08
0.652 1812.99
0.653 1812.89
0.654 1812.78
0.655 1812.68
0.656 1812.57
0.657 1812.46
0.658 1812.34
0.659 1812.23
0.66 1812.11
0.661 1811.98
0.662 1811.84
0.663 1811.68
0.664 1811.48
0.665 1811.27
0.666 1811.03
0.667 1810.77
0.668 1810.48
0.669 1810.16
0.67 1809.83
0.671 1809.46
0.672 1809.08
0.673 1808.67
0.674 1808.23
0.675 1807.78
0.676 1807.3
0.677 1806.79
0.678 1806.26
0.679 1805.71
0.68 1805.14
0.681 1804.55
0.682 1803.93
0.683 1803.3
0.684 1802.64
0.685 1801.96
0.686 1801.27
0.687 1800.55
0.688 1799.82
0.689 1799.07
0.69 1798.3
0.691 1797.52
0.692 1796.73
0.693 1795.92
0.694 1795.09
0.695 1794.26
0.696 1793.41
0.697 1792.56
0.698 1791.69
0.699 1790.82
0.7 1789.94
0.701 1789.06
0.702 1788.17
0.703 1787.28
0.704 1786.38
0.705 1785.49
0.706 1784.6
0.707 1783.71
0.708 1782.82
0.709 1781.94
0.71 1781.06
0.711 1780.19
0.712 1779.33
0.713 1778.47
0.714 1777.63
0.715 1776.8
0.716 1775.98
0.717 1775.17
0.718 1774.37
0.719 1773.59
0.72 1772.83
0.721 1772.08
0.722 1771.34
0.723 1770.63
0.724 1769.93
0.725 1769.24
0.726 1768.58
0.727 1767.93
0.728 1767.3
0.729 1766.69
0.73 1766.09
0.731 1765.52
0.732 1764.96
0.733 1764.42
0.734 1763.9
0.735 1763.4
0.736 1762.92
0.737 1762.45
0.738 1762
0.739 1761.57
0.74 1761.16
0.741 1760.76
0.742 1760.39
0.743 1760.03
0.744 1759.68
0.745 1759.36
0.746 1759.05
0.747 1758.76
0.748 1758.48
0.749 1758.23
0.75 1757.99
0.751 1757.76
0.752 1757.56
0.753 1757.37
0.754 1757.2
0.755 1757.05
0.756 1756.91
0.757 1756.79
0.758 1756.69
0.759 1756.6
0.76 1756.54
0.761 1756.49
0.762 1756.46
0.763 1756.44
0.764 1756.45
0.765 1756.47
0.766 1756.51
0.767 1756.56
0.768 1756.63
0.769 1756.73
0.77 1756.83
0.771 1756.96
0.772 1757.1
0.773 1757.26
0.774 1757.44
0.775 1757.63
0.776 1757.84
0.777 1758.07
0.778 1758.31
0.779 1758.57
0.78 1758.85
0.781 1759.14
0.782 1759.45
0.783 1759.77
0.784 1760.11
0.785 1760.46
0.786 1760.82
0.787 1761.2
0.788 1761.59
0.789 1762
0.79 1762.41
0.791 1762.84
0.792 1763.28
0.793 1763.73
0.794 1764.2
0.795 1764.67
0.796 1765.15
0.797 1765.64
0.798 1766.14
0.799 1766.65
0.8 1767.17
0.801 1767.69
0.802 1768.22
0.803 1768.75
0.804 1769.29
0.805 1769.84
0.806 1770.38
0.807 1770.94
0.808 1771.49
0.809 1772.04
0.81 1772.6
0.811 1773.16
0.812 1773.72
0.813 1774.27
0.814 1774.83
0.815 1775.38
0.816 1775.93
0.817 1776.48
0.818 1777.02
0.819 1777.56
0.82 1778.1
0.821 1778.62
0.822 1779.15
0.823 1779.66
0.824 1780.17
0.825 1780.66
0.826 1781.15
0.827 1781.63
0.828 1782.1
0.829 1782.56
0.83 1783.01
0.831 1783.44
0.832 1783.87
0.833 1784.28
0.834 1784.67
0.835 1785.05
0.836 1785.42
0.837 1785.77
0.838 1786.11
0.839 1786.43
0.84 1786.74
0.841 1787.02
0.842 1787.29
0.843 1787.55
0.844 1787.78
0.845 1788
0.846 1788.2
0.847 1788.37
0.848 1788.53
0.849 1788.67
0.85 1788.79
0.851 1788.89
0.852 1788.97
0.853 1789.03
0.854 1789.07
0.855 1789.09
0.856 1789.08
0.857 1789.05
0.858 1788.98
0.859 1788.88
0.86 1788.74
0.861 1788.56
0.862 1788.34
0.863 1788.11
0.864 1787.87
0.865 1787.6
0.866 1787.32
0.867 1787.03
0.868 1786.72
0.869 1786.39
0.87 1786.05
0.871 1785.69
0.872 1785.32
0.873 1784.93
0.874 1784.53
0.875 1784.11
0.876 1783.68
0.877 1783.24
0.878 1782.78
0.879 1782.31
0.88 1781.83
0.881 1781.33
0.882 1780.83
0.883 1780.31
0.884 1779.78
0.885 1779.24
0.886 1778.69
0.887 1778.13
0.888 1777.56
0.889 1776.99
0.89 1776.4
0.891 1775.81
0.892 1775.21
0.893 1774.6
0.894 1773.99
0.895 1773.37
0.896 1772.74
0.897 1772.11
0.898 1771.48
0.899 1770.84
0.9 1770.21
0.901 1769.56
0.902 1768.92
0.903 1768.28
0.904 1767.63
0.905 1766.97
0.906 1766.31
0.907 1765.63
0.908 1764.94
0.909 1764.24
0.91 1763.53
0.911 1762.81
0.912 1762.08
0.913 1761.35
0.914 1760.61
0.915 1759.87
0.916 1759.12
0.917 1758.36
0.918 1757.6
0.919 1756.84
0.92 1756.08
0.921 1755.31
0.922 1754.54
0.923 1753.78
0.924 1753.01
0.925 1752.24
0.926 1751.48
0.927 1750.72
0.928 1749.95
0.929 1749.19
0.93 1748.43
0.931 1747.66
0.932 1746.9
0.933 1746.13
0.934 1745.37
0.935 1744.61
0.936 1743.85
0.937 1743.09
0.938 1742.34
0.939 1741.59
0.94 1740.85
0.941 1740.1
0.942 1739.37
0.943 1738.64
0.944 1737.91
0.945 1737.19
0.946 1736.48
0.947 1735.77
0.948 1735.07
0.949 1734.38
0.95 1733.69
0.951 1733.01
0.952 1732.34
0.953 1731.67
0.954 1731.01
0.955 1730.35
0.956 1729.71
0.957 1729.07
0.958 1728.43
0.959 1727.8
0.96 1727.17
0.961 1726.55
0.962 1725.94
0.963 1725.32
0.964 1724.71
0.965 1724.1
0.966 1723.5
0.967 1722.89
0.968 1722.28
0.969 1721.68
0.97 1721.07
0.971 1720.46
0.972 1719.84
0.973 1719.22
0.974 1718.6
0.975 1717.98
0.976 1717.35
0.977 1716.71
0.978 1716.07
0.979 1715.43
0.98 1714.78
0.981 1714.13
0.982 1713.49
0.983 1712.84
0.984 1712.2
0.985 1711.57
0.986 1710.95
0.987 1710.35
0.988 1709.76
0.989 1709.21
0.99 1708.68
0.991 1708.2
0.992 1707.76
0.993 1707.36
0.994 1707.03
0.995 1706.76
0.996 1706.56
0.997 1706.43
0.998 1706.38
0.999 1706.42
1 1706.54
1.001 1706.75
1.002 1707.04
1.003 1707.42
1.004 1707.89
1.005 1708.43
1.006 1709.06
1.007 1709.76
1.008 1710.52
1.009 1711.34
1.01 1712.22
1.011 1713.15
1.012 1714.11
1.013 1715.11
1.014 1716.13
1.015 1717.18
1.016 1718.23
1.017 1719.29
1.018 1720.36
1.019 1721.42
1.02 1722.48
1.021 1723.53
1.022 1724.56
1.023 1725.58
1.024 1726.58
1.025 1727.56
1.026 1728.52
1.027 1729.46
1.028 1730.38
1.029 1731.27
1.03 1732.14
1.031 1732.98
1.032 1733.8
1.033 1734.58
1.034 1735.33
1.035 1736.06
1.036 1736.74
1.037 1737.37
1.038 1737.93
1.039 1738.42
1.04 1738.83
1.041 1739.18
1.042 1739.46
1.043 1739.67
1.044 1739.81
1.045 1739.88
1.046 1739.89
1.047 1739.83
1.048 1739.71
1.049 1739.52
1.05 1739.28
1.051 1738.96
1.052 1738.59
1.053 1738.14
1.054 1737.62
1.055 1737.04
1.056 1736.4
1.057 1735.72
1.058 1734.98
1.059 1734.2
1.06 1733.37
1.061 1732.5
1.062 1731.58
1.063 1730.63
1.064 1729.63
1.065 1728.59
1.066 1727.5
1.067 1726.36
1.068 1725.16
1.069 1723.91
1.07 1722.61
1.071 1721.26
1.072 1719.85
1.073 1718.39
1.074 1716.86
1.075 1715.28
1.076 1713.64
1.077 1711.95
1.078 1710.2
1.079 1708.4
1.08 1706.56
1.081 1704.66
1.082 1702.71
1.083 1700.72
1.084 1698.69
1.085 1696.62
1.086 1694.5
1.087 1692.35
1.088 1690.16
1.089 1687.94
1.09 1685.69
1.091 1683.4
1.092 1681.09
1.093 1678.75
1.094 1676.39
1.095 1674.01
1.096 1671.6
1.097 1669.16
1.098 1666.69
1.099 1664.2
1.1 1661.68
1.101 1659.14
1.102 1656.58
1.103 1654
1.104 1651.43
1.105 1648.85
1.106 1646.28
1.107 1643.71
1.108 1641.14
1.109 1638.59
1.11 1636.05
1.111 1633.52
1.112 1631.01
1.113 1628.52
1.114 1626.05
1.115 1623.6
1.116 1621.17
1.117 1618.75
1.118 1616.34
1.119 1613.96
1.12 1611.6
1.121 1609.27
1.122 1606.96
1.123 1604.68
1.124 1602.43
1.125 1600.21
1.126 1598.03
1.127 1595.9
1.128 1593.8
1.129 1591.75
1.13 1589.76
1.131 1587.81
1.132 1585.91
1.133 1584.07
1.134 1582.29
1.135 1580.56
1.136 1578.89
1.137 1577.28
1.138 1575.74
1.139 1574.26
1.14 1572.84
1.141 1571.49
1.142 1570.21
1.143 1568.99
1.144 1567.85
1.145 1566.78
1.146 1565.78
1.147 1564.85
1.148 1563.99
1.149 1563.21
1.15 1562.5
1.151 1561.87
1.152 1561.31
1.153 1560.82
1.154 1560.41
1.155 1560.08
1.156 1559.81
1.157 1559.63
1.158 1559.51
1.159 1559.46
1.16 1559.46
1.161 1559.52
1.162 1559.64
1.163 1559.82
1.164 1560.04
1.165 1560.27
1.166 1560.53
1.167 1560.79
1.168 1561.08
1.169 1561.37
1.17 1561.68
1.171 1561.99
1.172 1562.32
1.173 1562.66
1.174 1563
1.175 1563.34
1.176 1563.66
1.177 1563.98
1.178 1564.29
1.179 1564.59
1.18 1564.88
1.181 1565.16
1.182 1565.42
1.183 1565.67
1.184 1565.91
1.185 1566.14
1.186 1566.36
1.187 1566.57
1.188 1566.77
1.189 1566.96
1.19 1567.15
1.191 1567.34
1.192 1567.52
1.193 1567.71
1.194 1567.89
1.195 1568.05
1.196 1568.21
1.197 1568.37
1.198 1568.52
1.199 1568.67
1.2 1568.83
1.201 1568.98
1.202 1569.13
1.203 1569.28
1.204 1569.43
1.205 1569.57
1.206 1569.71
1.207 1569.83
1.208 1569.94
1.209 1570.03
1.21 1570.1
1.211 1570.13
1.212 1570.11
1.213 1570.04
1.214 1569.91
1.215 1569.72
1.216 1569.44
1.217 1569.09
1.218 1568.64
1.219 1568.08
1.22 1567.42
1.221 1566.66
1.222 1565.78
1.223 1564.8
1.224 1563.71
1.225 1562.53
1.226 1561.25
1.227 1559.89
1.228 1558.46
1.229 1556.99
1.23 1555.49
1.231 1554
1.232 1552.52
1.233 1551.08
1.234 1549.7
1.235 1548.39
1.236 1547.19
1.237 1546.1
1.238 1545.14
1.239 1544.31
1.24 1543.61
1.241 1543.04
1.242 1542.58
1.243 1542.21
1.244 1541.9
1.245 1541.65
1.246 1541.4
1.247 1541.13
1.248 1540.79
1.249 1540.37
1.25 1539.81
1.251 1539.09
1.252 1538.16
1.253 1537.01
1.254 1535.59
1.255 1533.88
1.256 1531.86
1.257 1529.51
1.258 1526.82
1.259 1523.78
1.26 1520.43
1.261 1516.78
1.262 1512.89
1.263 1508.85
1.264 1504.75
1.265 1500.71
1.266 1496.88
1.267 1493.42
1.268 1490.47
1.269 1488.19
1.27 1486.7
1.271 1486.07
1.272 1486.34
1.273 1487.5
1.274 1489.49
1.275 1492.18
1.276 1495.46
1.277 1499.17
1.278 1503.17
1.279 1507.3
1.28 1511.46
1.281 1515.54
1.282 1519.46
1.283 1523.18
1.284 1526.65
1.285 1529.86
1.286 1532.8
1.287 1535.48
1.288 1537.91
1.289 1540.11
1.29 1542.09
1.291 1543.88
1.292 1545.5
1.293 1546.96
1.294 1548.28
1.295 1549.5
1.296 1550.62
1.297 1551.67
1.298 1552.65
1.299 1553.57
1.3 1554.46
1.301 1555.3
1.302 1556.12
1.303 1556.91
1.304 1557.69
1.305 1558.45
1.306 1559.2
1.307 1559.96
1.308 1560.71
1.309 1561.47
1.31 1562.24
1.311 1563.01
1.312 1563.81
1.313 1564.62
1.314 1565.44
1.315 1566.3
1.316 1567.19
1.317 1568.12
1.318 1569.1
1.319 1570.12
1.32 1571.19
1.321 1572.32
1.322 1573.5
1.323 1574.73
1.324 1576.02
1.325 1577.36
1.326 1578.74
1.327 1580.18
1.328 1581.66
1.329 1583.18
1.33 1584.73
1.331 1586.31
1.332 1587.92
1.333 1589.54
1.334 1591.18
1.335 1592.83
1.336 1594.47
1.337 1596.1
1.338 1597.7
1.339 1599.28
1.34 1600.83
1.341 1602.35
1.342 1603.82
1.343 1605.25
1.344 1606.63
1.345 1607.96
1.346 1609.24
1.347 1610.46
1.348 1611.62
1.349 1612.72
1.35 1613.75
1.351 1614.72
1.352 1615.62
1.353 1616.45
1.354 1617.22
1.355 1617.91
1.356 1618.53
1.357 1619.09
1.358 1619.59
1.359 1620.03
1.36 1620.42
1.361 1620.74
1.362 1621
1.363 1621.22
1.364 1621.42
1.365 1621.6
1.366 1621.76
1.367 1621.89
1.368 1621.99
1.369 1622.07
1.37 1622.12
1.371 1622.14
1.372 1622.12
1.373 1622.07
1.374 1621.98
1.375 1621.87
1.376 1621.73
1.377 1621.58
1.378 1621.4
1.379 1621.21
1.38 1621
1.381 1620.77
1.382 1620.52
1.383 1620.26
1.384 1619.97
1.385 1619.67
1.386 1619.36
1.387 1619.03
1.388 1618.68
1.389 1618.32
1.39 1617.94
1.391 1617.55
1.392 1617.15
1.393 1616.75
1.394 1616.36
1.395 1615.97
1.396 1615.58
1.397 1615.2
1.398 1614.82
1.399 1614.45
1.4 1614.09
1.401 1613.73
1.402 1613.37
1.403 1613.01
1.404 1612.64
1.405 1612.28
1.406 1611.93
1.407 1611.57
1.408 1611.22
1.409 1610.87
1.41 1610.53
1.411 1610.2
1.412 1609.88
1.413 1609.58
1.414 1609.3
1.415 1609.04
1.416 1608.79
1.417 1608.56
1.418 1608.35
1.419 1608.16
1.42 1607.99
1.421 1607.85
1.422 1607.74
1.423 1607.67
1.424 1607.63
1.425 1607.64
1.426 1607.68
1.427 1607.77
1.428 1607.89
1.429 1608.06
1.43 1608.27
1.431 1608.52
1.432 1608.81
1.433 1609.14
1.434 1609.53
1.435 1609.96
1.436 1610.46
1.437 1611
1.438 1611.6
1.439 1612.25
1.44 1612.95
1.441 1613.68
1.442 1614.46
1.443 1615.28
1.444 1616.14
1.445 1617.04
1.446 1617.97
1.447 1618.95
1.448 1619.96
1.449 1621.01
1.45 1622.09
1.451 1623.2
1.452 1624.34
1.453 1625.52
1.454 1626.72
1.455 1627.94
1.456 1629.19
1.457 1630.46
1.458 1631.76
1.459 1633.07
1.46 1634.4
1.461 1635.74
1.462 1637.1
1.463 1638.47
1.464 1639.85
1.465 1641.23
1.466 1642.62
1.467 1644.02
1.468 1645.41
1.469 1646.81
1.47 1648.21
1.471 1649.61
1.472 1651
1.473 1652.4
1.474 1653.78
1.475 1655.17
1.476 1656.54
1.477 1657.9
1.478 1659.25
1.479 1660.58
1.48 1661.89
1.481 1663.21
1.482 1664.51
1.483 1665.8
1.484 1667.07
1.485 1668.34
1.486 1669.58
1.487 1670.81
1.488 1672
1.489 1673.16
1.49 1674.28
1.491 1675.34
1.492 1676.36
1.493 1677.33
1.494 1678.24
1.495 1679.1
1.496 1679.91
1.497 1680.67
1.498 1681.38
1.499 1682.04
1.5 1682.64
1.501 1683.2
1.502 1683.71
1.503 1684.18
1.504 1684.6
1.505 1684.99
1.506 1685.33
1.507 1685.64
1.508 1685.92
1.509 1686.17
1.51 1686.39
1.511 1686.58
1.512 1686.74
1.513 1686.88
1.514 1687
1.515 1687.1
1.516 1687.18
1.517 1687.25
1.518 1687.3
1.519 1687.33
1.52 1687.34
1.521 1687.33
1.522 1687.28
1.523 1687.21
1.524 1687.12
1.525 1687
1.526 1686.86
1.527 1686.7
1.528 1686.51
1.529 1686.31
1.53 1686.09
1.531 1685.84
1.532 1685.55
1.533 1685.24
1.534 1684.9
1.535 1684.54
1.536 1684.15
1.537 1683.73
1.538 1683.28
1.539 1682.79
1.54 1682.28
1.541 1681.74
1.542 1681.15
1.543 1680.54
1.544 1679.87
1.545 1679.15
1.546 1678.37
1.547 1677.53
1.548 1676.62
1.549 1675.64
1.55 1674.61
1.551 1673.51
1.552 1672.34
1.553 1671.11
1.554 1669.82
1.555 1668.46
1.556 1667.05
1.557 1665.57
1.558 1664.04
1.559 1662.45
1.56 1660.8
1.561 1659.09
1.562 1657.34
1.563 1655.54
1.564 1653.69
1.565 1651.79
1.566 1649.86
1.567 1647.89
1.568 1645.89
1.569 1643.87
1.57 1641.84
1.571 1639.8
1.572 1637.75
1.573 1635.71
1.574 1633.67
1.575 1631.64
1.576 1629.64
1.577 1627.65
1.578 1625.7
1.579 1623.78
1.58 1621.9
1.581 1620.07
1.582 1618.28
1.583 1616.54
1.584 1614.86
1.585 1613.23
1.586 1611.66
1.587 1610.16
1.588 1608.73
1.589 1607.36
1.59 1606.07
1.591 1604.85
1.592 1603.7
1.593 1602.63
1.594 1601.63
1.595 1600.71
1.596 1599.87
1.597 1599.1
1.598 1598.4
1.599 1597.79
1.6 1597.24
1.601 1596.78
1.602 1596.39
1.603 1596.07
1.604 1595.83
1.605 1595.67
1.606 1595.58
1.607 1595.56
1.608 1595.62
1.609 1595.75
1.61 1595.95
1.611 1596.23
1.612 1596.57
1.613 1596.98
1.614 1597.45
1.615 1597.99
1.616 1598.58
1.617 1599.23
1.618 1599.93
1.619 1600.69
1.62 1601.48
1.621 1602.33
1.622 1603.22
1.623 1604.14
1.624 1605.11
1.625 1606.11
1.626 1607.15
1.627 1608.22
1.628 1609.32
1.629 1610.45
1.63 1611.61
1.631 1612.8
1.632 1614.02
1.633 1615.27
1.634 1616.55
1.635 1617.85
1.636 1619.17
1.637 1620.51
1.638 1621.86
1.639 1623.23
1.64 1624.63
1.641 1626.05
1.642 1627.49
1.643 1628.96
1.644 1630.44
1.645 1631.94
1.646 1633.46
1.647 1635
1.648 1636.54
1.649 1638.1
1.65 1639.67
1.651 1641.24
1.652 1642.82
1.653 1644.41
1.654 1645.99
1.655 1647.57
1.656 1649.14
1.657 1650.71
1.658 1652.27
1.659 1653.82
1.66 1655.36
1.661 1656.88
1.662 1658.39
1.663 1659.87
1.664 1661.33
1.665 1662.77
1.666 1664.18
1.667 1665.57
1.668 1666.92
1.669 1668.25
1.67 1669.54
1.671 1670.79
1.672 1672
1.673 1673.18
1.674 1674.3
1.675 1675.38
1.676 1676.41
1.677 1677.38
1.678 1678.3
1.679 1679.17
1.68 1679.97
1.681 1680.72
1.682 1681.41
1.683 1682.04
1.684 1682.61
1.685 1683.11
1.686 1683.56
1.687 1683.95
1.688 1684.29
1.689 1684.58
1.69 1684.84
1.691 1685.06
1.692 1685.23
1.693 1685.37
1.694 1685.46
1.695 1685.52
1.696 1685.54
1.697 1685.53
1.698 1685.48
1.699 1685.41
1.7 1685.31
1.701 1685.19
1.702 1685.05
1.703 1684.9
1.704 1684.74
1.705 1684.58
1.706 1684.43
1.707 1684.28
1.708 1684.15
1.709 1684.04
1.71 1683.97
1.711 1683.93
1.712 1683.92
1.713 1683.96
1.714 1684.05
1.715 1684.18
1.716 1684.37
1.717 1684.6
1.718 1684.88
1.719 1685.21
1.72 1685.59
1.721 1686.03
1.722 1686.51
1.723 1687.05
1.724 1687.62
1.725 1688.25
1.726 1688.9
1.727 1689.59
1.728 1690.3
1.729 1691.03
1.73 1691.77
1.731 1692.51
1.732 1693.24
1.733 1693.97
1.734 1694.68
1.735 1695.37
1.736 1696.03
1.737 1696.66
1.738 1697.26
1.739 1697.82
1.74 1698.34
1.741 1698.81
1.742 1699.23
1.743 1699.61
1.744 1699.93
1.745 1700.21
1.746 1700.44
1.747 1700.62
1.748 1700.75
1.749 1700.84
1.75 1700.88
1.751 1700.88
1.752 1700.83
1.753 1700.73
1.754 1700.59
1.755 1700.41
1.756 1700.18
1.757 1699.91
1.758 1699.6
1.759 1699.24
1.76 1698.85
1.761 1698.43
1.762 1697.97
1.763 1697.47
1.764 1696.95
1.765 1696.4
1.766 1695.82
1.767 1695.21
1.768 1694.58
1.769 1693.93
1.77 1693.25
1.771 1692.54
1.772 1691.82
1.773 1691.07
1.774 1690.3
1.775 1689.51
1.776 1688.71
1.777 1687.89
1.778 1687.06
1.779 1686.2
1.78 1685.33
1.781 1684.45
1.782 1683.56
1.783 1682.66
1.784 1681.76
1.785 1680.84
1.786 1679.92
1.787 1679
1.788 1678.06
1.789 1677.13
1.79 1676.18
1.791 1675.24
1.792 1674.29
1.793 1673.33
1.794 1672.37
1.795 1671.41
1.796 1670.44
1.797 1669.47
1.798 1668.5
1.799 1667.52
1.8 1666.54
1.801 1665.55
1.802 1664.56
1.803 1663.56
1.804 1662.57
1.805 1661.56
1.806 1660.55
1.807 1659.54
1.808 1658.52
1.809 1657.5
1.81 1656.47
1.811 1655.43
1.812 1654.38
1.813 1653.31
1.814 1652.24
1.815 1651.15
1.816 1650.04
1.817 1648.92
1.818 1647.78
1.819 1646.63
1.82 1645.46
1.821 1644.28
1.822 1643.08
1.823 1641.86
1.824 1640.63
1.825 1639.38
1.826 1638.11
1.827 1636.82
1.828 1635.52
1.829 1634.2
1.83 1632.87
1.831 1631.52
1.832 1630.16
1.833 1628.78
1.834 1627.4
1.835 1626.02
1.836 1624.65
1.837 1623.27
1.838 1621.9
1.839 1620.54
1.84 1619.19
1.841 1617.86
1.842 1616.55
1.843 1615.25
1.844 1613.99
1.845 1612.75
1.846 1611.56
1.847 1610.4
1.848 1609.29
1.849 1608.24
1.85 1607.24
1.851 1606.3
1.852 1605.44
1.853 1604.65
1.854 1603.95
1.855 1603.33
1.856 1602.8
1.857 1602.37
1.858 1602.05
1.859 1601.83
1.86 1601.73
1.861 1601.75
1.862 1601.89
1.863 1602.15
1.864 1602.54
1.865 1603.07
1.866 1603.73
1.867 1604.53
1.868 1605.46
1.869 1606.54
1.87 1607.75
1.871 1609.11
1.872 1610.61
1.873 1612.25
1.874 1614.02
1.875 1615.92
1.876 1617.94
1.877 1620.07
1.878 1622.31
1.879 1624.65
1.88 1627.07
1.881 1629.56
1.882 1632.11
1.883 1634.71
1.884 1637.34
1.885 1640
1.886 1642.67
1.887 1645.33
1.888 1647.99
1.889 1650.62
1.89 1653.23
1.891 1655.8
1.892 1658.33
1.893 1660.81
1.894 1663.23
1.895 1665.6
1.896 1667.9
1.897 1670.14
1.898 1672.32
1.899 1674.43
1.9 1676.48
1.901 1678.45
1.902 1680.36
1.903 1682.21
1.904 1684
1.905 1685.73
1.906 1687.41
1.907 1689.03
1.908 1690.6
1.909 1692.14
1.91 1693.63
1.911 1695.09
1.912 1696.52
1.913 1697.91
1.914 1699.27
1.915 1700.6
1.916 1701.9
1.917 1703.17
1.918 1704.41
1.919 1705.63
1.92 1706.82
1.921 1707.98
1.922 1709.11
1.923 1710.21
1.924 1711.28
1.925 1712.31
1.926 1713.3
1.927 1714.26
1.928 1715.17
1.929 1716.05
1.93 1716.88
1.931 1717.67
1.932 1718.41
1.933 1719.1
1.934 1719.74
1.935 1720.34
1.936 1720.87
1.937 1721.36
1.938 1721.79
1.939 1722.16
1.94 1722.48
1.941 1722.75
1.942 1722.98
1.943 1723.16
1.944 1723.29
1.945 1723.38
1.946 1723.43
1.947 1723.44
1.948 1723.4
1.949 1723.32
1.95 1723.2
1.951 1723.04
1.952 1722.85
1.953 1722.62
1.954 1722.37
1.955 1722.08
1.956 1721.79
1.957 1721.47
1.958 1721.15
1.959 1720.81
1.96 1720.47
1.961 1720.12
1.962 1719.78
1.963 1719.43
1.964 1719.08
1.965 1718.74
1.966 1718.41
1.967 1718.09
1.968 1717.79
1.969 1717.51
1.97 1717.26
1.971 1717.03
1.972 1716.83
1.973 1716.65
1.974 1716.5
1.975 1716.38
1.976 1716.3
1.977 1716.24
1.978 1716.21
1.979 1716.22
1.98 1716.27
1.981 1716.34
1.982 1716.45
1.983 1716.59
1.984 1716.75
1.985 1716.95
1.986 1717.16
1.987 1717.4
1.988 1717.65
1.989 1717.93
1.99 1718.21
1.991 1718.51
1.992 1718.83
1.993 1719.15
1.994 1719.47
1.995 1719.8
1.996 1720.14
1.997 1720.47
1.998 1720.8
1.999 1721.13
2 1721.46
2.001 1721.78
2.002 1722.09
2.003 1722.39
2.004 1722.68
2.005 1722.96
2.006 1723.23
2.007 1723.49
2.008 1723.74
2.009 1723.97
2.01 1724.19
2.011 1724.4
2.012 1724.59
2.013 1724.78
2.014 1724.95
2.015 1725.11
2.016 1725.25
2.017 1725.38
2.018 1725.49
2.019 1725.59
2.02 1725.66
2.021 1725.71
2.022 1725.74
2.023 1725.74
2.024 1725.71
2.025 1725.65
2.026 1725.54
2.027 1725.4
2.028 1725.21
2.029 1724.97
2.03 1724.67
2.031 1724.31
2.032 1723.87
2.033 1723.36
2.034 1722.77
2.035 1722.08
2.036 1721.29
2.037 1720.39
2.038 1719.37
2.039 1718.22
2.04 1716.93
2.041 1715.5
2.042 1713.91
2.043 1712.17
2.044 1710.27
2.045 1708.21
2.046 1705.99
2.047 1703.62
2.048 1701.11
2.049 1698.48
2.05 1695.76
2.051 1692.97
2.052 1690.15
2.053 1687.35
2.054 1684.6
2.055 1681.97
2.056 1679.49
2.057 1677.23
2.058 1675.23
2.059 1673.52
2.06 1672.15
2.061 1671.14
2.062 1670.49
2.063 1670.21
2.064 1670.28
2.065 1670.7
2.066 1671.43
2.067 1672.44
2.068 1673.69
2.069 1675.15
2.07 1676.79
2.071 1678.58
2.072 1680.47
2.073 1682.46
2.074 1684.51
2.075 1686.62
2.076 1688.76
2.077 1690.93
2.078 1693.12
2.079 1695.33
2.08 1697.54
2.081 1699.77
2.082 1701.99
2.083 1704.21
2.084 1706.43
2.085 1708.63
2.086 1710.81
2.087 1712.97
2.088 1715.1
2.089 1717.19
2.09 1719.22
2.091 1721.21
2.092 1723.14
2.093 1725
2.094 1726.79
2.095 1728.51
2.096 1730.14
2.097 1731.69
2.098 1733.14
2.099 1734.51
2.1 1735.78
2.101 1736.98
2.102 1738.08
2.103 1739.1
2.104 1740.04
2.105 1740.9
2.106 1741.67
2.107 1742.37
2.108 1742.99
2.109 1743.53
2.11 1744.01
2.111 1744.41
2.112 1744.76
2.113 1745.04
2.114 1745.26
2.115 1745.42
2.116 1745.53
2.117 1745.6
2.118 1745.61
2.119 1745.58
2.12 1745.51
2.121 1745.4
2.122 1745.26
2.123 1745.08
2.124 1744.88
2.125 1744.64
2.126 1744.39
2.127 1744.11
2.128 1743.81
2.129 1743.5
2.13 1743.19
2.131 1742.88
2.132 1742.56
2.133 1742.25
2.134 1741.94
2.135 1741.64
2.136 1741.35
2.137 1741.08
2.138 1740.82
2.139 1740.59
2.14 1740.38
2.141 1740.2
2.142 1740.05
2.143 1739.94
2.144 1739.86
2.145 1739.82
2.146 1739.81
2.147 1739.85
2.148 1739.93
2.149 1740.05
2.15 1740.21
2.151 1740.41
2.152 1740.65
2.153 1740.92
2.154 1741.24
2.155 1741.58
2.156 1741.96
2.157 1742.36
2.158 1742.78
2.159 1743.22
2.16 1743.66
2.161 1744.11
2.162 1744.55
2.163 1744.99
2.164 1745.42
2.165 1745.83
2.166 1746.22
2.167 1746.59
2.168 1746.93
2.169 1747.24
2.17 1747.52
2.171 1747.77
2.172 1747.97
2.173 1748.14
2.174 1748.27
2.175 1748.35
2.176 1748.39
2.177 1748.39
2.178 1748.35
2.179 1748.27
2.18 1748.14
2.181 1747.97
2.182 1747.75
2.183 1747.48
2.184 1747.16
2.185 1746.8
2.186 1746.38
2.187 1745.93
2.188 1745.43
2.189 1744.9
2.19 1744.33
2.191 1743.73
2.192 1743.09
2.193 1742.43
2.194 1741.75
2.195 1741.04
2.196 1740.31
2.197 1739.56
2.198 1738.8
2.199 1738.02
2.2 1737.24
2.201 1736.44
2.202 1735.63
2.203 1734.82
2.204 1734
2.205 1733.18
2.206 1732.36
2.207 1731.54
2.208 1730.72
2.209 1729.9
2.21 1729.09
2.211 1728.28
2.212 1727.47
2.213 1726.66
2.214 1725.85
2.215 1725.05
2.216 1724.24
2.217 1723.42
2.218 1722.6
2.219 1721.77
2.22 1720.93
2.221 1720.09
2.222 1719.23
2.223 1718.36
2.224 1717.47
2.225 1716.57
2.226 1715.66
2.227 1714.72
2.228 1713.78
2.229 1712.82
2.23 1711.84
2.231 1710.84
2.232 1709.83
2.233 1708.81
2.234 1707.76
2.235 1706.71
2.236 1705.64
2.237 1704.56
2.238 1703.47
2.239 1702.37
2.24 1701.27
2.241 1700.17
2.242 1699.06
2.243 1697.95
2.244 1696.85
2.245 1695.75
2.246 1694.66
2.247 1693.58
2.248 1692.51
2.249 1691.47
2.25 1690.46
2.251 1689.47
2.252 1688.51
2.253 1687.58
2.254 1686.7
2.255 1685.86
2.256 1685.06
2.257 1684.31
2.258 1683.61
2.259 1682.97
2.26 1682.38
2.261 1681.85
2.262 1681.38
2.263 1680.97
2.264 1680.63
2.265 1680.34
2.266 1680.12
2.267 1679.96
2.268 1679.86
2.269 1679.82
2.27 1679.84
2.271 1679.92
2.272 1680.05
2.273 1680.24
2.274 1680.47
2.275 1680.75
2.276 1681.07
2.277 1681.43
2.278 1681.83
2.279 1682.25
2.28 1682.71
2.281 1683.19
2.282 1683.7
2.283 1684.23
2.284 1684.77
2.285 1685.33
2.286 1685.9
2.287 1686.48
2.288 1687.07
2.289 1687.66
2.29 1688.26
2.291 1688.86
2.292 1689.46
2.293 1690.06
2.294 1690.65
2.295 1691.24
2.296 1691.81
2.297 1692.38
2.298 1692.93
2.299 1693.48
2.3 1694.01
2.301 1694.53
2.302 1695.04
2.303 1695.53
2.304 1696.01
2.305 1696.48
2.306 1696.93
2.307 1697.37
2.308 1697.8
2.309 1698.22
2.31 1698.62
2.311 1699.01
2.312 1699.38
2.313 1699.74
2.314 1700.08
2.315 1700.41
2.316 1700.73
2.317 1701.03
2.318 1701.32
2.319 1701.6
2.32 1701.87
2.321 1702.12
2.322 1702.37
2.323 1702.61
2.324 1702.84
2.325 1703.06
2.326 1703.27
2.327 1703.48
2.328 1703.68
2.329 1703.87
2.33 1704.07
2.331 1704.26
2.332 1704.44
2.333 1704.63
2.334 1704.81
2.335 1705
2.336 1705.18
2.337 1705.35
2.338 1705.51
2.339 1705.66
2.34 1705.81
2.341 1705.95
2.342 1706.08
2.343 1706.2
2.344 1706.32
2.345 1706.43
2.346 1706.53
2.347 1706.62
2.348 1706.7
2.349 1706.77
2.35 1706.82
2.351 1706.86
2.352 1706.88
2.353 1706.88
2.354 1706.86
2.355 1706.81
2.356 1706.74
2.357 1706.65
2.358 1706.54
2.359 1706.4
2.36 1706.25
2.361 1706.07
2.362 1705.87
2.363 1705.65
2.364 1705.41
2.365 1705.14
2.366 1704.85
2.367 1704.55
2.368 1704.22
2.369 1703.87
2.37 1703.51
2.371 1703.12
2.372 1702.73
2.373 1702.32
2.374 1701.89
2.375 1701.46
2.376 1701.01
2.377 1700.56
2.378 1700.1
2.379 1699.65
2.38 1699.19
2.381 1698.75
2.382 1698.32
2.383 1697.9
2.384 1697.49
2.385 1697.09
2.386 1696.71
2.387 1696.34
2.388 1695.99
2.389 1695.65
2.39 1695.33
2.391 1695.02
2.392 1694.73
2.393 1694.45
2.394 1694.19
2.395 1693.95
2.396 1693.73
2.397 1693.53
2.398 1693.34
2.399 1693.18
2.4 1693.04
2.401 1692.93
2.402 1692.84
2.403 1692.76
2.404 1692.71
2.405 1692.68
2.406 1692.68
2.407 1692.69
2.408 1692.73
2.409 1692.78
2.41 1692.86
2.411 1692.96
2.412 1693.08
2.413 1693.21
2.414 1693.37
2.415 1693.54
2.416 1693.74
2.417 1693.96
2.418 1694.2
2.419 1694.45
2.42 1694.73
2.421 1695.02
2.422 1695.33
2.423 1695.66
2.424 1695.99
2.425 1696.35
2.426 1696.71
2.427 1697.07
2.428 1697.44
2.429 1697.81
2.43 1698.18
2.431 1698.54
2.432 1698.89
2.433 1699.24
2.434 1699.58
2.435 1699.91
2.436 1700.24
2.437 1700.54
2.438 1700.84
2.439 1701.12
2.44 1701.39
2.441 1701.64
2.442 1701.88
2.443 1702.11
2.444 1702.32
2.445 1702.52
2.446 1702.71
2.447 1702.89
2.448 1703.05
2.449 1703.21
2.45 1703.35
2.451 1703.48
2.452 1703.6
2.453 1703.7
2.454 1703.81
2.455 1703.9
2.456 1703.98
2.457 1704.06
2.458 1704.14
2.459 1704.21
2.46 1704.28
2.461 1704.34
2.462 1704.41
2.463 1704.47
2.464 1704.53
2.465 1704.6
2.466 1704.66
2.467 1704.73
2.468 1704.8
2.469 1704.87
2.47 1704.95
2.471 1705.03
2.472 1705.11
2.473 1705.2
2.474 1705.29
2.475 1705.38
2.476 1705.49
2.477 1705.59
2.478 1705.7
2.479 1705.82
2.48 1705.93
2.481 1706.05
2.482 1706.17
2.483 1706.28
2.484 1706.4
2.485 1706.51
2.486 1706.61
2.487 1706.71
2.488 1706.81
2.489 1706.89
2.49 1706.97
2.491 1707.03
2.492 1707.09
2.493 1707.13
2.494 1707.17
2.495 1707.2
2.496 1707.21
2.497 1707.22
2.498 1707.22
2.499 1707.21
2.5 1707.18
2.501 1707.15
2.502 1707.1
2.503 1707.04
2.504 1706.97
2.505 1706.89
2.506 1706.79
2.507 1706.69
2.508 1706.58
2.509 1706.45
2.51 1706.32
2.511 1706.18
2.512 1706.04
2.513 1705.89
2.514 1705.74
2.515 1705.58
2.516 1705.42
2.517 1705.26
2.518 1705.09
2.519 1704.92
2.52 1704.74
2.521 1704.56
2.522 1704.38
2.523 1704.19
2.524 1703.99
2.525 1703.79
2.526 1703.59
2.527 1703.37
2.528 1703.15
2.529 1702.92
2.53 1702.67
2.531 1702.41
2.532 1702.13
2.533 1701.84
2.534 1701.52
2.535 1701.19
2.536 1700.85
2.537 1700.49
2.538 1700.12
2.539 1699.74
2.54 1699.34
2.541 1698.93
2.542 1698.51
2.543 1698.07
2.544 1697.62
2.545 1697.17
2.546 1696.7
2.547 1696.23
2.548 1695.76
2.549 1695.29
2.55 1694.82
2.551 1694.38
2.552 1693.95
2.553 1693.54
2.554 1693.17
2.555 1692.83
2.556 1692.53
2.557 1692.28
2.558 1692.08
2.559 1691.94
2.56 1691.86
2.561 1691.85
2.562 1691.92
2.563 1692.05
2.564 1692.27
2.565 1692.56
2.566 1692.93
2.567 1693.37
2.568 1693.9
2.569 1694.49
2.57 1695.15
2.571 1695.88
2.572 1696.66
2.573 1697.49
2.574 1698.37
2.575 1699.29
2.576 1700.23
2.577 1701.2
2.578 1702.18
2.579 1703.16
2.58 1704.13
2.581 1705.08
2.582 1706.01
2.583 1706.91
2.584 1707.79
2.585 1708.62
2.586 1709.42
2.587 1710.18
2.588 1710.9
2.589 1711.58
2.59 1712.21
2.591 1712.8
2.592 1713.35
2.593 1713.86
2.594 1714.33
2.595 1714.76
2.596 1715.16
2.597 1715.53
2.598 1715.87
2.599 1716.19
2.6 1716.48
2.601 1716.76
2.602 1717.02
2.603 1717.27
2.604 1717.51
2.605 1717.74
2.606 1717.97
2.607 1718.2
2.608 1718.43
2.609 1718.66
2.61 1718.89
2.611 1719.13
2.612 1719.37
2.613 1719.62
2.614 1719.88
2.615 1720.14
2.616 1720.4
2.617 1720.67
2.618 1720.95
2.619 1721.22
2.62 1721.5
2.621 1721.77
2.622 1722.05
2.623 1722.31
2.624 1722.57
2.625 1722.82
2.626 1723.06
2.627 1723.27
2.628 1723.47
2.629 1723.64
2.63 1723.79
2.631 1723.91
2.632 1724
2.633 1724.06
2.634 1724.07
2.635 1724.05
2.636 1723.98
2.637 1723.86
2.638 1723.71
2.639 1723.5
2.64 1723.26
2.641 1722.96
2.642 1722.6
2.643 1722.19
2.644 1721.72
2.645 1721.19
2.646 1720.6
2.647 1719.94
2.648 1719.21
2.649 1718.42
2.65 1717.56
2.651 1716.63
2.652 1715.64
2.653 1714.59
2.654 1713.47
2.655 1712.3
2.656 1711.07
2.657 1709.8
2.658 1708.48
2.659 1707.12
2.66 1705.73
2.661 1704.32
2.662 1702.88
2.663 1701.42
2.664 1699.96
2.665 1698.48
2.666 1697
2.667 1695.52
2.668 1694.05
2.669 1692.57
2.67 1691.09
2.671 1689.62
2.672 1688.15
2.673 1686.68
2.674 1685.21
2.675 1683.74
2.676 1682.27
2.677 1680.8
2.678 1679.32
2.679 1677.84
2.68 1676.36
2.681 1674.89
2.682 1673.42
2.683 1671.98
2.684 1670.57
2.685 1669.23
2.686 1667.98
2.687 1666.85
2.688 1665.9
2.689 1665.16
2.69 1664.7
2.691 1664.57
2.692 1664.83
2.693 1665.5
2.694 1666.63
2.695 1668.23
2.696 1670.3
2.697 1672.82
2.698 1675.74
2.699 1679
2.7 1682.56
2.701 1686.32
2.702 1690.21
2.703 1694.16
2.704 1698.11
2.705 1701.97
2.706 1705.71
2.707 1709.29
2.708 1712.67
2.709 1715.82
2.71 1718.75
2.711 1721.43
2.712 1723.88
2.713 1726.09
2.714 1728.07
2.715 1729.83
2.716 1731.38
2.717 1732.73
2.718 1733.9
2.719 1734.88
2.72 1735.7
2.721 1736.37
2.722 1736.88
2.723 1737.26
2.724 1737.5
2.725 1737.62
2.726 1737.63
2.727 1737.52
2.728 1737.31
2.729 1737.01
2.73 1736.62
2.731 1736.15
2.732 1735.6
2.733 1734.98
2.734 1734.29
2.735 1733.54
2.736 1732.74
2.737 1731.9
2.738 1731.03
2.739 1730.14
2.74 1729.23
2.741 1728.33
2.742 1727.43
2.743 1726.56
2.744 1725.73
2.745 1724.94
2.746 1724.21
2.747 1723.54
2.748 1722.94
2.749 1722.42
2.75 1721.98
2.751 1721.62
2.752 1721.35
2.753 1721.15
2.754 1721.03
2.755 1720.98
2.756 1720.98
2.757 1721.04
2.758 1721.15
2.759 1721.28
2.76 1721.44
2.761 1721.61
2.762 1721.78
2.763 1721.95
2.764 1722.09
2.765 1722.22
2.766 1722.31
2.767 1722.37
2.768 1722.38
2.769 1722.36
2.77 1722.29
2.771 1722.17
2.772 1722.01
2.773 1721.8
2.774 1721.55
2.775 1721.26
2.776 1720.94
2.777 1720.58
2.778 1720.19
2.779 1719.77
2.78 1719.34
2.781 1718.91
2.782 1718.47
2.783 1718.03
2.784 1717.59
2.785 1717.17
2.786 1716.75
2.787 1716.36
2.788 1715.97
2.789 1715.61
2.79 1715.27
2.791 1714.96
2.792 1714.66
2.793 1714.39
2.794 1714.15
2.795 1713.92
2.796 1713.72
2.797 1713.54
2.798 1713.39
2.799 1713.25
2.8 1713.12
2.801 1713.02
2.802 1712.92
2.803 1712.84
2.804 1712.77
2.805 1712.71
2.806 1712.65
2.807 1712.6
2.808 1712.56
2.809 1712.52
2.81 1712.48
2.811 1712.45
2.812 1712.41
2.813 1712.39
2.814 1712.36
2.815 1712.34
2.816 1712.32
2.817 1712.31
2.818 1712.3
2.819 1712.3
2.82 1712.31
2.821 1712.33
2.822 1712.36
2.823 1712.39
2.824 1712.44
2.825 1712.5
2.826 1712.57
2.827 1712.65
2.828 1712.74
2.829 1712.84
2.83 1712.96
2.831 1713.09
2.832 1713.22
2.833 1713.37
2.834 1713.52
2.835 1713.68
2.836 1713.84
2.837 1714.01
2.838 1714.17
2.839 1714.33
2.84 1714.49
2.841 1714.64
2.842 1714.79
2.843 1714.94
2.844 1715.07
2.845 1715.2
2.846 1715.32
2.847 1715.43
2.848 1715.52
2.849 1715.6
2.85 1715.67
2.851 1715.72
2.852 1715.75
2.853 1715.75
2.854 1715.71
2.855 1715.65
2.856 1715.54
2.857 1715.4
2.858 1715.2
2.859 1714.96
2.86 1714.65
2.861 1714.28
2.862 1713.84
2.863 1713.32
2.864 1712.72
2.865 1712.03
2.866 1711.24
2.867 1710.35
2.868 1709.35
2.869 1708.24
2.87 1707.01
2.871 1705.67
2.872 1704.22
2.873 1702.66
2.874 1700.99
2.875 1699.23
2.876 1697.39
2.877 1695.5
2.878 1693.56
2.879 1691.61
2.88 1689.68
2.881 1687.79
2.882 1685.99
2.883 1684.3
2.884 1682.76
2.885 1681.4
2.886 1680.26
2.887 1679.36
2.888 1678.71
2.889 1678.34
2.89 1678.26
2.891 1678.45
2.892 1678.93
2.893 1679.66
2.894 1680.63
2.895 1681.82
2.896 1683.19
2.897 1684.71
2.898 1686.35
2.899 1688.07
2.9 1689.83
2.901 1691.61
2.902 1693.38
2.903 1695.11
2.904 1696.79
2.905 1698.39
2.906 1699.91
2.907 1701.33
2.908 1702.64
2.909 1703.85
2.91 1704.95
2.911 1705.94
2.912 1706.83
2.913 1707.62
2.914 1708.3
2.915 1708.9
2.916 1709.4
2.917 1709.83
2.918 1710.17
2.919 1710.43
2.92 1710.62
2.921 1710.75
2.922 1710.81
2.923 1710.8
2.924 1710.73
2.925 1710.6
2.926 1710.41
2.927 1710.16
2.928 1709.85
2.929 1709.49
2.93 1709.06
2.931 1708.58
2.932 1708.05
2.933 1707.46
2.934 1706.83
2.935 1706.14
2.936 1705.41
2.937 1704.64
2.938 1703.82
2.939 1702.96
2.94 1702.07
2.941 1701.15
2.942 1700.2
2.943 1699.22
2.944 1698.23
2.945 1697.22
2.946 1696.21
2.947 1695.19
2.948 1694.18
2.949 1693.17
2.95 1692.18
2.951 1691.21
2.952 1690.27
2.953 1689.38
2.954 1688.53
2.955 1687.73
2.956 1686.99
2.957 1686.32
2.958 1685.73
2.959 1685.22
2.96 1684.8
2.961 1684.48
2.962 1684.25
2.963 1684.13
2.964 1684.12
2.965 1684.21
2.966 1684.42
2.967 1684.73
2.968 1685.15
2.969 1685.67
2.97 1686.29
2.971 1687
2.972 1687.8
2.973 1688.68
2.974 1689.62
2.975 1690.63
2.976 1691.7
2.977 1692.81
2.978 1693.95
2.979 1695.12
2.98 1696.32
2.981 1697.52
2.982 1698.73
2.983 1699.93
2.984 1701.13
2.985 1702.29
2.986 1703.43
2.987 1704.52
2.988 1705.57
2.989 1706.57
2.99 1707.53
2.991 1708.43
2.992 1709.28
2.993 1710.07
2.994 1710.8
2.995 1711.48
2.996 1712.1
2.997 1712.66
2.998 1713.15
2.999 1713.58
3 1713.95
3.001 1714.25
3.002 1714.48
3.003 1714.65
3.004 1714.76
3.005 1714.81
3.006 1714.79
3.007 1714.71
3.008 1714.57
3.009 1714.38
3.01 1714.13
3.011 1713.82
3.012 1713.46
3.013 1713.05
3.014 1712.59
3.015 1712.08
3.016 1711.53
3.017 1710.94
3.018 1710.32
3.019 1709.65
3.02 1708.96
3.021 1708.24
3.022 1707.5
3.023 1706.74
3.024 1705.97
3.025 1705.19
3.026 1704.41
3.027 1703.63
3.028 1702.86
3.029 1702.11
3.03 1701.38
3.031 1700.68
3.032 1700.01
3.033 1699.37
3.034 1698.79
3.035 1698.26
3.036 1697.78
3.037 1697.37
3.038 1697.01
3.039 1696.72
3.04 1696.5
3.041 1696.34
3.042 1696.24
3.043 1696.2
3.044 1696.22
3.045 1696.29
3.046 1696.41
3.047 1696.57
3.048 1696.77
3.049 1697
3.05 1697.25
3.051 1697.52
3.052 1697.8
3.053 1698.09
3.054 1698.39
3.055 1698.69
3.056 1698.99
3.057 1699.28
3.058 1699.57
3.059 1699.84
3.06 1700.09
3.061 1700.33
3.062 1700.55
3.063 1700.75
3.064 1700.92
3.065 1701.07
3.066 1701.2
3.067 1701.31
3.068 1701.4
3.069 1701.47
3.07 1701.52
3.071 1701.55
3.072 1701.56
3.073 1701.56
3.074 1701.54
3.075 1701.51
3.076 1701.47
3.077 1701.42
3.078 1701.36
3.079 1701.29
3.08 1701.22
3.081 1701.15
3.082 1701.08
3.083 1701
3.084 1700.93
3.085 1700.87
3.086 1700.81
3.087 1700.76
3.088 1700.72
3.089 1700.69
3.09 1700.67
3.091 1700.67
3.092 1700.67
3.093 1700.69
3.094 1700.73
3.095 1700.77
3.096 1700.83
3.097 1700.91
3.098 1700.99
3.099 1701.09
3.1 1701.21
3.101 1701.34
3.102 1701.48
3.103 1701.65
3.104 1701.82
3.105 1702.01
3.106 1702.22
3.107 1702.44
3.108 1702.68
3.109 1702.93
3.11 1703.19
3.111 1703.47
3.112 1703.77
3.113 1704.08
3.114 1704.4
3.115 1704.74
3.116 1705.09
3.117 1705.45
3.118 1705.82
3.119 1706.21
3.12 1706.61
3.121 1707.02
3.122 1707.45
3.123 1707.88
3.124 1708.32
3.125 1708.78
3.126 1709.24
3.127 1709.71
3.128 1710.19
3.129 1710.67
3.13 1711.17
3.131 1711.67
3.132 1712.18
3.133 1712.7
3.134 1713.22
3.135 1713.75
3.136 1714.28
3.137 1714.82
3.138 1715.37
3.139 1715.92
3.14 1716.48
3.141 1717.04
3.142 1717.6
3.143 1718.17
3.144 1718.74
3.145 1719.31
3.146 1719.89
3.147 1720.46
3.148 1721.04
3.149 1721.62
3.15 1722.21
3.151 1722.79
3.152 1723.37
3.153 1723.95
3.154 1724.53
3.155 1725.1
3.156 1725.67
3.157 1726.23
3.158 1726.79
3.159 1727.34
3.16 1727.88
3.161 1728.41
3.162 1728.92
3.163 1729.42
3.164 1729.9
3.165 1730.37
3.166 1730.82
3.167 1731.25
3.168 1731.66
3.169 1732.05
3.17 1732.42
3.171 1732.77
3.172 1733.09
3.173 1733.39
3.174 1733.67
3.175 1733.92
3.176 1734.14
3.177 1734.33
3.178 1734.5
3.179 1734.64
3.18 1734.74
3.181 1734.82
3.182 1734.87
3.183 1734.89
3.184 1734.87
3.185 1734.83
3.186 1734.77
3.187 1734.69
3.188 1734.6
3.189 1734.49
3.19 1734.36
3.191 1734.22
3.192 1734.06
3.193 1733.89
3.194 1733.7
3.195 1733.5
3.196 1733.29
3.197 1733.07
3.198 1732.85
3.199 1732.62
3.2 1732.39
3.201 1732.16
3.202 1731.94
3.203 1731.71
3.204 1731.49
3.205 1731.26
3.206 1731.03
3.207 1730.79
3.208 1730.55
3.209 1730.31
3.21 1730.06
3.211 1729.82
3.212 1729.58
3.213 1729.34
3.214 1729.11
3.215 1728.87
3.216 1728.64
3.217 1728.42
3.218 1728.19
3.219 1727.97
3.22 1727.75
3.221 1727.52
3.222 1727.3
3.223 1727.07
3.224 1726.83
3.225 1726.59
3.226 1726.33
3.227 1726.07
3.228 1725.79
3.229 1725.5
3.23 1725.19
3.231 1724.86
3.232 1724.51
3.233 1724.15
3.234 1723.76
3.235 1723.35
3.236 1722.92
3.237 1722.47
3.238 1722.01
3.239 1721.52
3.24 1721.01
3.241 1720.49
3.242 1719.96
3.243 1719.41
3.244 1718.86
3.245 1718.29
3.246 1717.73
3.247 1717.17
3.248 1716.61
3.249 1716.06
3.25 1715.51
3.251 1714.98
3.252 1714.47
3.253 1713.97
3.254 1713.5
3.255 1713.05
3.256 1712.63
3.257 1712.24
3.258 1711.88
3.259 1711.55
3.26 1711.25
3.261 1710.98
3.262 1710.74
3.263 1710.53
3.264 1710.35
3.265 1710.2
3.266 1710.08
3.267 1709.98
3.268 1709.9
3.269 1709.84
3.27 1709.81
3.271 1709.79
3.272 1709.79
3.273 1709.8
3.274 1709.82
3.275 1709.86
3.276 1709.91
3.277 1709.96
3.278 1710.03
3.279 1710.1
3.28 1710.17
3.281 1710.24
3.282 1710.32
3.283 1710.4
3.284 1710.48
3.285 1710.56
3.286 1710.64
3.287 1710.71
3.288 1710.77
3.289 1710.84
3.29 1710.89
3.291 1710.93
3.292 1710.95
3.293 1710.97
3.294 1710.97
3.295 1710.95
3.296 1710.93
3.297 1710.89
3.298 1710.84
3.299 1710.77
3.3 1710.69
3.301 1710.6
3.302 1710.49
3.303 1710.37
3.304 1710.23
3.305 1710.08
3.306 1709.91
3.307 1709.73
3.308 1709.53
3.309 1709.32
3.31 1709.1
3.311 1708.87
3.312 1708.62
3.313 1708.37
3.314 1708.08
3.315 1707.77
3.316 1707.42
3.317 1707.05
3.318 1706.65
3.319 1706.24
3.32 1705.8
3.321 1705.36
3.322 1704.9
3.323 1704.44
3.324 1703.98
3.325 1703.53
3.326 1703.08
3.327 1702.65
3.328 1702.23
3.329 1701.84
3.33 1701.48
3.331 1701.15
3.332 1700.85
3.333 1700.6
3.334 1700.39
3.335 1700.23
3.336 1700.12
3.337 1700.06
3.338 1700.05
3.339 1700.1
3.34 1700.19
3.341 1700.33
3.342 1700.52
3.343 1700.74
3.344 1701.01
3.345 1701.3
3.346 1701.61
3.347 1701.94
3.348 1702.27
3.349 1702.61
3.35 1702.93
3.351 1703.22
3.352 1703.49
3.353 1703.72
3.354 1703.9
3.355 1704.03
3.356 1704.09
3.357 1704.08
3.358 1703.99
3.359 1703.82
3.36 1703.55
3.361 1703.18
3.362 1702.71
3.363 1702.12
3.364 1701.42
3.365 1700.59
3.366 1699.63
3.367 1698.54
3.368 1697.31
3.369 1695.94
3.37 1694.42
3.371 1692.75
3.372 1690.94
3.373 1688.99
3.374 1686.89
3.375 1684.66
3.376 1682.31
3.377 1679.85
3.378 1677.3
3.379 1674.68
3.38 1672.03
3.381 1669.37
3.382 1666.74
3.383 1664.18
3.384 1661.73
3.385 1659.43
3.386 1657.33
3.387 1655.45
3.388 1653.83
3.389 1652.48
3.39 1651.42
3.391 1650.66
3.392 1650.19
3.393 1649.99
3.394 1650.03
3.395 1650.3
3.396 1650.76
3.397 1651.37
3.398 1652.09
3.399 1652.88
3.4 1653.73
3.401 1654.58
3.402 1655.43
3.403 1656.24
3.404 1657.01
3.405 1657.71
3.406 1658.34
3.407 1658.89
3.408 1659.36
3.409 1659.75
3.41 1660.06
3.411 1660.3
3.412 1660.47
3.413 1660.57
3.414 1660.61
3.415 1660.6
3.416 1660.55
3.417 1660.47
3.418 1660.37
3.419 1660.25
3.42 1660.13
3.421 1660.02
3.422 1659.91
3.423 1659.83
3.424 1659.78
3.425 1659.76
3.426 1659.79
3.427 1659.88
3.428 1660.02
3.429 1660.23
3.43 1660.51
3.431 1660.87
3.432 1661.31
3.433 1661.83
3.434 1662.44
3.435 1663.12
3.436 1663.9
3.437 1664.75
3.438 1665.69
3.439 1666.7
3.44 1667.79
3.441 1668.94
3.442 1670.17
3.443 1671.45
3.444 1672.78
3.445 1674.17
3.446 1675.6
3.447 1677.06
3.448 1678.56
3.449 1680.08
3.45 1681.63
3.451 1683.18
3.452 1684.75
3.453 1686.3
3.454 1687.85
3.455 1689.39
3.456 1690.9
3.457 1692.39
3.458 1693.84
3.459 1695.27
3.46 1696.65
3.461 1697.99
3.462 1699.28
3.463 1700.52
3.464 1701.71
3.465 1702.83
3.466 1703.89
3.467 1704.87
3.468 1705.79
3.469 1706.63
3.47 1707.39
3.471 1708.07
3.472 1708.67
3.473 1709.17
3.474 1709.6
3.475 1709.93
3.476 1710.18
3.477 1710.34
3.478 1710.42
3.479 1710.43
3.48 1710.36
3.481 1710.23
3.482 1710.05
3.483 1709.82
3.484 1709.56
3.485 1709.29
3.486 1709.02
3.487 1708.77
3.488 1708.55
3.489 1708.38
3.49 1708.27
3.491 1708.24
3.492 1708.3
3.493 1708.45
3.494 1708.71
3.495 1709.08
3.496 1709.55
3.497 1710.12
3.498 1710.78
3.499 1711.52
3.5 1712.31
3.501 1713.16
3.502 1714.02
3.503 1714.89
3.504 1715.75
3.505 1716.57
3.506 1717.33
3.507 1718.02
3.508 1718.62
3.509 1719.11
3.51 1719.48
3.511 1719.73
3.512 1719.83
3.513 1719.78
3.514 1719.61
3.515 1719.3
3.516 1718.86
3.517 1718.29
3.518 1717.58
3.519 1716.75
3.52 1715.8
3.521 1714.74
3.522 1713.59
3.523 1712.37
3.524 1711.1
3.525 1709.79
3.526 1708.49
3.527 1707.22
3.528 1706.02
3.529 1704.91
3.53 1703.92
3.531 1703.1
3.532 1702.45
3.533 1702.02
3.534 1701.8
3.535 1701.82
3.536 1702.08
3.537 1702.56
3.538 1703.27
3.539 1704.17
3.54 1705.25
3.541 1706.49
3.542 1707.84
3.543 1709.29
3.544 1710.79
3.545 1712.33
3.546 1713.88
3.547 1715.41
3.548 1716.91
3.549 1718.36
3.55 1719.74
3.551 1721.05
3.552 1722.28
3.553 1723.43
3.554 1724.49
3.555 1725.48
3.556 1726.37
3.557 1727.19
3.558 1727.93
3.559 1728.59
3.56 1729.19
3.561 1729.71
3.562 1730.18
3.563 1730.58
3.564 1730.94
3.565 1731.24
3.566 1731.5
3.567 1731.71
3.568 1731.89
3.569 1732.03
3.57 1732.15
3.571 1732.23
3.572 1732.29
3.573 1732.3
3.574 1732.27
3.575 1732.2
3.576 1732.08
3.577 1731.93
3.578 1731.74
3.579 1731.51
3.58 1731.24
3.581 1730.95
3.582 1730.62
3.583 1730.25
3.584 1729.86
3.585 1729.44
3.586 1728.98
3.587 1728.5
3.588 1728
3.589 1727.46
3.59 1726.9
3.591 1726.32
3.592 1725.71
3.593 1725.07
3.594 1724.42
3.595 1723.74
3.596 1723.04
3.597 1722.32
3.598 1721.58
3.599 1720.82
3.6 1720.04
3.601 1719.25
3.602 1718.45
3.603 1717.63
3.604 1716.8
3.605 1715.96
3.606 1715.12
3.607 1714.27
3.608 1713.41
3.609 1712.56
3.61 1711.7
3.611 1710.85
3.612 1710.01
3.613 1709.18
3.614 1708.36
3.615 1707.56
3.616 1706.77
3.617 1706.01
3.618 1705.27
3.619 1704.56
3.62 1703.88
3.621 1703.23
3.622 1702.61
3.623 1702.03
3.624 1701.49
3.625 1700.99
3.626 1700.53
3.627 1700.11
3.628 1699.74
3.629 1699.4
3.63 1699.11
3.631 1698.86
3.632 1698.64
3.633 1698.47
3.634 1698.33
3.635 1698.23
3.636 1698.16
3.637 1698.12
3.638 1698.1
3.639 1698.11
3.64 1698.15
3.641 1698.2
3.642 1698.27
3.643 1698.35
3.644 1698.43
3.645 1698.51
3.646 1698.59
3.647 1698.66
3.648 1698.73
3.649 1698.78
3.65 1698.83
3.651 1698.87
3.652 1698.89
3.653 1698.91
3.654 1698.92
3.655 1698.92
3.656 1698.91
3.657 1698.89
3.658 1698.85
3.659 1698.79
3.66 1698.72
3.661 1698.63
3.662 1698.52
3.663 1698.39
3.664 1698.24
3.665 1698.07
3.666 1697.87
3.667 1697.65
3.668 1697.4
3.669 1697.12
3.67 1696.81
3.671 1696.48
3.672 1696.11
3.673 1695.71
3.674 1695.27
3.675 1694.8
3.676 1694.29
3.677 1693.75
3.678 1693.17
3.679 1692.56
3.68 1691.91
3.681 1691.22
3.682 1690.49
3.683 1689.73
3.684 1688.94
3.685 1688.12
3.686 1687.27
3.687 1686.4
3.688 1685.51
3.689 1684.6
3.69 1683.69
3.691 1682.77
3.692 1681.87
3.693 1680.97
3.694 1680.1
3.695 1679.27
3.696 1678.47
3.697 1677.73
3.698 1677.05
3.699 1676.45
3.7 1675.94
3.701 1675.51
3.702 1675.2
3.703 1674.99
3.704 1674.91
3.705 1674.95
3.706 1675.13
3.707 1675.44
3.708 1675.89
3.709 1676.48
3.71 1677.2
3.711 1678.07
3.712 1679.06
3.713 1680.17
3.714 1681.4
3.715 1682.73
3.716 1684.16
3.717 1685.67
3.718 1687.25
3.719 1688.89
3.72 1690.58
3.721 1692.31
3.722 1694.06
3.723 1695.82
3.724 1697.58
3.725 1699.33
3.726 1701.04
3.727 1702.7
3.728 1704.3
3.729 1705.84
3.73 1707.29
3.731 1708.67
3.732 1709.97
3.733 1711.17
3.734 1712.29
3.735 1713.3
3.736 1714.21
3.737 1715.03
3.738 1715.73
3.739 1716.33
3.74 1716.81
3.741 1717.18
3.742 1717.44
3.743 1717.59
3.744 1717.62
3.745 1717.54
3.746 1717.36
3.747 1717.06
3.748 1716.66
3.749 1716.15
3.75 1715.54
3.751 1714.82
3.752 1714.02
3.753 1713.12
3.754 1712.13
3.755 1711.06
3.756 1709.92
3.757 1708.7
3.758 1707.42
3.759 1706.1
3.76 1704.72
3.761 1703.32
3.762 1701.89
3.763 1700.45
3.764 1699.01
3.765 1697.58
3.766 1696.18
3.767 1694.81
3.768 1693.49
3.769 1692.23
3.77 1691.04
3.771 1689.93
3.772 1688.92
3.773 1688.03
3.774 1687.24
3.775 1686.58
3.776 1686.02
3.777 1685.58
3.778 1685.24
3.779 1685
3.78 1684.85
3.781 1684.79
3.782 1684.8
3.783 1684.87
3.784 1684.99
3.785 1685.16
3.786 1685.36
3.787 1685.58
3.788 1685.82
3.789 1686.07
3.79 1686.31
3.791 1686.54
3.792 1686.76
3.793 1686.96
3.794 1687.13
3.795 1687.28
3.796 1687.39
3.797 1687.48
3.798 1687.54
3.799 1687.56
3.8 1687.56
3.801 1687.52
3.802 1687.45
3.803 1687.35
3.804 1687.23
3.805 1687.07
3.806 1686.89
3.807 1686.68
3.808 1686.45
3.809 1686.2
3.81 1685.93
3.811 1685.64
3.812 1685.33
3.813 1685
3.814 1684.66
3.815 1684.31
3.816 1683.95
3.817 1683.58
3.818 1683.2
3.819 1682.82
3.82 1682.43
3.821 1682.04
3.822 1681.64
3.823 1681.23
3.824 1680.83
3.825 1680.42
3.826 1680.02
3.827 1679.62
3.828 1679.24
3.829 1678.86
3.83 1678.5
3.831 1678.16
3.832 1677.83
3.833 1677.53
3.834 1677.26
3.835 1677.02
3.836 1676.81
3.837 1676.63
3.838 1676.49
3.839 1676.4
3.84 1676.34
3.841 1676.33
3.842 1676.36
3.843 1676.44
3.844 1676.58
3.845 1676.77
3.846 1677.02
3.847 1677.33
3.848 1677.68
3.849 1678.09
3.85 1678.54
3.851 1679.03
3.852 1679.56
3.853 1680.12
3.854 1680.72
3.855 1681.35
3.856 1682.01
3.857 1682.69
3.858 1683.39
3.859 1684.11
3.86 1684.84
3.861 1685.59
3.862 1686.35
3.863 1687.11
3.864 1687.88
3.865 1688.65
3.866 1689.43
3.867 1690.2
3.868 1690.97
3.869 1691.74
3.87 1692.5
3.871 1693.26
3.872 1694.01
3.873 1694.75
3.874 1695.49
3.875 1696.21
3.876 1696.93
3.877 1697.64
3.878 1698.34
3.879 1699.04
3.88 1699.72
3.881 1700.4
3.882 1701.07
3.883 1701.72
3.884 1702.38
3.885 1703.02
3.886 1703.65
3.887 1704.28
3.888 1704.9
3.889 1705.51
3.89 1706.11
3.891 1706.71
3.892 1707.3
3.893 1707.88
3.894 1708.45
3.895 1709.02
3.896 1709.58
3.897 1710.13
3.898 1710.67
3.899 1711.21
3.9 1711.74
3.901 1712.25
3.902 1712.76
3.903 1713.25
3.904 1713.74
3.905 1714.21
3.906 1714.67
3.907 1715.11
3.908 1715.55
3.909 1715.96
3.91 1716.36
3.911 1716.75
3.912 1717.12
3.913 1717.47
3.914 1717.8
3.915 1718.1
3.916 1718.4
3.917 1718.67
3.918 1718.93
3.919 1719.16
3.92 1719.38
3.921 1719.57
3.922 1719.73
3.923 1719.87
3.924 1719.98
3.925 1720.09
3.926 1720.18
3.927 1720.26
3.928 1720.32
3.929 1720.36
3.93 1720.38
3.931 1720.38
3.932 1720.35
3.933 1720.3
3.934 1720.22
3.935 1720.12
3.936 1719.97
3.937 1719.8
3.938 1719.58
3.939 1719.33
3.94 1719.04
3.941 1718.72
3.942 1718.35
3.943 1717.95
3.944 1717.51
3.945 1717.03
3.946 1716.52
3.947 1715.97
3.948 1715.39
3.949 1714.79
3.95 1714.16
3.951 1713.51
3.952 1712.85
3.953 1712.19
3.954 1711.54
3.955 1710.89
3.956 1710.27
3.957 1709.69
3.958 1709.15
3.959 1708.66
3.96 1708.22
3.961 1707.86
3.962 1707.58
3.963 1707.37
3.964 1707.24
3.965 1707.2
3.966 1707.24
3.967 1707.37
3.968 1707.57
3.969 1707.84
3.97 1708.18
3.971 1708.58
3.972 1709.02
3.973 1709.5
3.974 1710.01
3.975 1710.55
3.976 1711.09
3.977 1711.64
3.978 1712.19
3.979 1712.74
3.98 1713.27
3.981 1713.8
3.982 1714.3
3.983 1714.79
3.984 1715.27
3.985 1715.73
3.986 1716.17
3.987 1716.6
3.988 1717.02
3.989 1717.44
3.99 1717.85
3.991 1718.27
3.992 1718.69
3.993 1719.12
3.994 1719.56
3.995 1720
3.996 1720.44
3.997 1720.9
3.998 1721.36
3.999 1721.82
4 1722.29
4.001 1722.77
4.002 1723.24
4.003 1723.71
4.004 1724.18
4.005 1724.65
4.006 1725.11
4.007 1725.56
4.008 1726
4.009 1726.43
4.01 1726.84
4.011 1727.24
4.012 1727.63
4.013 1727.99
4.014 1728.35
4.015 1728.68
4.016 1728.99
4.017 1729.29
4.018 1729.57
4.019 1729.84
4.02 1730.09
4.021 1730.32
4.022 1730.54
4.023 1730.75
4.024 1730.95
4.025 1731.14
4.026 1731.33
4.027 1731.51
4.028 1731.68
4.029 1731.84
4.03 1732
4.031 1732.14
4.032 1732.28
4.033 1732.39
4.034 1732.5
4.035 1732.58
4.036 1732.64
4.037 1732.68
4.038 1732.68
4.039 1732.65
4.04 1732.58
4.041 1732.46
4.042 1732.3
4.043 1732.08
4.044 1731.8
4.045 1731.46
4.046 1731.04
4.047 1730.54
4.048 1729.97
4.049 1729.31
4.05 1728.55
4.051 1727.69
4.052 1726.72
4.053 1725.64
4.054 1724.47
4.055 1723.19
4.056 1721.83
4.057 1720.39
4.058 1718.88
4.059 1717.32
4.06 1715.74
4.061 1714.16
4.062 1712.6
4.063 1711.1
4.064 1709.68
4.065 1708.37
4.066 1707.2
4.067 1706.19
4.068 1705.35
4.069 1704.7
4.07 1704.24
4.071 1703.98
4.072 1703.91
4.073 1704.02
4.074 1704.28
4.075 1704.68
4.076 1705.19
4.077 1705.78
4.078 1706.43
4.079 1707.11
4.08 1707.8
4.081 1708.47
4.082 1709.11
4.083 1709.69
4.084 1710.2
4.085 1710.64
4.086 1710.99
4.087 1711.25
4.088 1711.42
4.089 1711.5
4.09 1711.49
4.091 1711.4
4.092 1711.22
4.093 1710.96
4.094 1710.64
4.095 1710.24
4.096 1709.79
4.097 1709.28
4.098 1708.73
4.099 1708.14
4.1 1707.51
4.101 1706.85
4.102 1706.16
4.103 1705.46
4.104 1704.74
4.105 1704.01
4.106 1703.27
4.107 1702.52
4.108 1701.77
4.109 1701.01
4.11 1700.25
4.111 1699.49
4.112 1698.72
4.113 1697.95
4.114 1697.18
4.115 1696.39
4.116 1695.6
4.117 1694.8
4.118 1693.99
4.119 1693.16
4.12 1692.32
4.121 1691.45
4.122 1690.56
4.123 1689.65
4.124 1688.71
4.125 1687.74
4.126 1686.73
4.127 1685.69
4.128 1684.61
4.129 1683.5
4.13 1682.34
4.131 1681.15
4.132 1679.91
4.133 1678.64
4.134 1677.32
4.135 1675.97
4.136 1674.58
4.137 1673.16
4.138 1671.71
4.139 1670.23
4.14 1668.73
4.141 1667.21
4.142 1665.68
4.143 1664.15
4.144 1662.63
4.145 1661.12
4.146 1659.63
4.147 1658.18
4.148 1656.77
4.149 1655.42
4.15 1654.14
4.151 1652.95
4.152 1651.85
4.153 1650.86
4.154 1650
4.155 1649.27
4.156 1648.7
4.157 1648.28
4.158 1648.04
4.159 1647.97
4.16 1648.09
4.161 1648.4
4.162 1648.89
4.163 1649.58
4.164 1650.45
4.165 1651.5
4.166 1652.73
4.167 1654.12
4.168 1655.66
4.169 1657.34
4.17 1659.15
4.171 1661.06
4.172 1663.07
4.173 1665.16
4.174 1667.31
4.175 1669.52
4.176 1671.76
4.177 1674.03
4.178 1676.32
4.179 1678.6
4.18 1680.89
4.181 1683.15
4.182 1685.4
4.183 1687.61
4.184 1689.8
4.185 1691.95
4.186 1694.05
4.187 1696.12
4.188 1698.14
4.189 1700.11
4.19 1702.03
4.191 1703.91
4.192 1705.73
4.193 1707.51
4.194 1709.23
4.195 1710.9
4.196 1712.52
4.197 1714.09
4.198 1715.62
4.199 1717.11
4.2 1718.55
4.201 1719.95
4.202 1721.31
4.203 1722.62
4.204 1723.9
4.205 1725.14
4.206 1726.35
4.207 1727.51
4.208 1728.64
4.209 1729.73
4.21 1730.79
4.211 1731.81
4.212 1732.8
4.213 1733.75
4.214 1734.66
4.215 1735.54
4.216 1736.39
4.217 1737.2
4.218 1737.97
4.219 1738.71
4.22 1739.42
4.221 1740.08
4.222 1740.71
4.223 1741.3
4.224 1741.86
4.225 1742.37
4.226 1742.84
4.227 1743.28
4.228 1743.67
4.229 1744.01
4.23 1744.31
4.231 1744.57
4.232 1744.77
4.233 1744.93
4.234 1745.03
4.235 1745.06
4.236 1745.02
4.237 1744.9
4.238 1744.71
4.239 1744.42
4.24 1744.06
4.241 1743.61
4.242 1743.06
4.243 1742.43
4.244 1741.7
4.245 1740.86
4.246 1739.93
4.247 1738.89
4.248 1737.74
4.249 1736.47
4.25 1735.1
4.251 1733.63
4.252 1732.04
4.253 1730.34
4.254 1728.53
4.255 1726.59
4.256 1724.54
4.257 1722.37
4.258 1720.09
4.259 1717.69
4.26 1715.19
4.261 1712.58
4.262 1709.87
4.263 1707.08
4.264 1704.21
4.265 1701.27
4.266 1698.29
4.267 1695.27
4.268 1692.25
4.269 1689.24
4.27 1686.26
4.271 1683.35
4.272 1680.53
4.273 1677.82
4.274 1675.26
4.275 1672.86
4.276 1670.66
4.277 1668.66
4.278 1666.88
4.279 1665.33
4.28 1664.01
4.281 1662.93
4.282 1662.09
4.283 1661.48
4.284 1661.11
4.285 1660.95
4.286 1660.99
4.287 1661.22
4.288 1661.61
4.289 1662.15
4.29 1662.81
4.291 1663.59
4.292 1664.44
4.293 1665.35
4.294 1666.31
4.295 1667.29
4.296 1668.26
4.297 1669.23
4.298 1670.15
4.299 1671.04
4.3 1671.87
4.301 1672.62
4.302 1673.3
4.303 1673.9
4.304 1674.41
4.305 1674.82
4.306 1675.14
4.307 1675.37
4.308 1675.49
4.309 1675.51
4.31 1675.44
4.311 1675.28
4.312 1675.02
4.313 1674.67
4.314 1674.24
4.315 1673.73
4.316 1673.13
4.317 1672.46
4.318 1671.73
4.319 1670.92
4.32 1670.04
4.321 1669.09
4.322 1668.06
4.323 1666.97
4.324 1665.82
4.325 1664.62
4.326 1663.37
4.327 1662.08
4.328 1660.76
4.329 1659.42
4.33 1658.05
4.331 1656.68
4.332 1655.3
4.333 1653.92
4.334 1652.56
4.335 1651.21
4.336 1649.89
4.337 1648.6
4.338 1647.34
4.339 1646.12
4.34 1644.95
4.341 1643.83
4.342 1642.77
4.343 1641.76
4.344 1640.8
4.345 1639.91
4.346 1639.07
4.347 1638.3
4.348 1637.58
4.349 1636.92
4.35 1636.31
4.351 1635.75
4.352 1635.25
4.353 1634.79
4.354 1634.37
4.355 1634
4.356 1633.65
4.357 1633.34
4.358 1633.06
4.359 1632.81
4.36 1632.58
4.361 1632.37
4.362 1632.18
4.363 1632.01
4.364 1631.86
4.365 1631.72
4.366 1631.59
4.367 1631.47
4.368 1631.36
4.369 1631.25
4.37 1631.15
4.371 1631.06
4.372 1630.97
4.373 1630.88
4.374 1630.8
4.375 1630.71
4.376 1630.63
4.377 1630.54
4.378 1630.46
4.379 1630.37
4.38 1630.28
4.381 1630.18
4.382 1630.08
4.383 1629.98
4.384 1629.86
4.385 1629.72
4.386 1629.56
4.387 1629.39
4.388 1629.19
4.389 1628.99
4.39 1628.76
4.391 1628.52
4.392 1628.27
4.393 1628
4.394 1627.73
4.395 1627.45
4.396 1627.17
4.397 1626.89
4.398 1626.61
4.399 1626.33
4.4 1626.07
4.401 1625.81
4.402 1625.57
4.403 1625.34
4.404 1625.14
4.405 1624.97
4.406 1624.82
4.407 1624.72
4.408 1624.65
4.409 1624.63
4.41 1624.65
4.411 1624.73
4.412 1624.87
4.413 1625.07
4.414 1625.33
4.415 1625.66
4.416 1626.06
4.417 1626.53
4.418 1627.07
4.419 1627.68
4.42 1628.36
4.421 1629.11
4.422 1629.93
4.423 1630.81
4.424 1631.76
4.425 1632.76
4.426 1633.82
4.427 1634.92
4.428 1636.07
4.429 1637.26
4.43 1638.47
4.431 1639.72
4.432 1640.99
4.433 1642.28
4.434 1643.59
4.435 1644.92
4.436 1646.28
4.437 1647.65
4.438 1649.03
4.439 1650.41
4.44 1651.8
4.441 1653.19
4.442 1654.58
4.443 1655.96
4.444 1657.33
4.445 1658.7
4.446 1660.04
4.447 1661.38
4.448 1662.69
4.449 1663.99
4.45 1665.27
4.451 1666.53
4.452 1667.76
4.453 1668.98
4.454 1670.17
4.455 1671.33
4.456 1672.48
4.457 1673.59
4.458 1674.68
4.459 1675.74
4.46 1676.76
4.461 1677.75
4.462 1678.71
4.463 1679.62
4.464 1680.5
4.465 1681.33
4.466 1682.12
4.467 1682.87
4.468 1683.57
4.469 1684.23
4.47 1684.84
4.471 1685.41
4.472 1685.93
4.473 1686.41
4.474 1686.84
4.475 1687.23
4.476 1687.57
4.477 1687.88
4.478 1688.17
4.479 1688.42
4.48 1688.64
4.481 1688.84
4.482 1689
4.483 1689.14
4.484 1689.25
4.485 1689.33
4.486 1689.38
4.487 1689.41
4.488 1689.43
4.489 1689.43
4.49 1689.41
4.491 1689.37
4.492 1689.33
4.493 1689.27
4.494 1689.21
4.495 1689.15
4.496 1689.08
4.497 1689.02
4.498 1688.96
4.499 1688.91
4.5 1688.87
4.501 1688.85
4.502 1688.84
4.503 1688.85
4.504 1688.87
4.505 1688.91
4.506 1688.97
4.507 1689.04
4.508 1689.12
4.509 1689.21
4.51 1689.3
4.511 1689.39
4.512 1689.46
4.513 1689.51
4.514 1689.52
4.515 1689.49
4.516 1689.4
4.517 1689.25
4.518 1689.01
4.519 1688.68
4.52 1688.26
4.521 1687.73
4.522 1687.08
4.523 1686.29
4.524 1685.35
4.525 1684.25
4.526 1682.98
4.527 1681.53
4.528 1679.92
4.529 1678.14
4.53 1676.2
4.531 1674.14
4.532 1671.97
4.533 1669.75
4.534 1667.51
4.535 1665.32
4.536 1663.24
4.537 1661.33
4.538 1659.67
4.539 1658.32
4.54 1657.34
4.541 1656.76
4.542 1656.62
4.543 1656.92
4.544 1657.65
4.545 1658.78
4.546 1660.27
4.547 1662.07
4.548 1664.1
4.549 1666.31
4.55 1668.63
4.551 1670.98
4.552 1673.34
4.553 1675.63
4.554 1677.84
4.555 1679.92
4.556 1681.87
4.557 1683.67
4.558 1685.31
4.559 1686.81
4.56 1688.15
4.561 1689.36
4.562 1690.43
4.563 1691.39
4.564 1692.23
4.565 1692.96
4.566 1693.59
4.567 1694.14
4.568 1694.62
4.569 1695.03
4.57 1695.4
4.571 1695.73
4.572 1696.02
4.573 1696.29
4.574 1696.54
4.575 1696.78
4.576 1697.02
4.577 1697.26
4.578 1697.5
4.579 1697.75
4.58 1698.01
4.581 1698.29
4.582 1698.58
4.583 1698.9
4.584 1699.25
4.585 1699.63
4.586 1700.04
4.587 1700.47
4.588 1700.92
4.589 1701.39
4.59 1701.89
4.591 1702.39
4.592 1702.9
4.593 1703.43
4.594 1703.95
4.595 1704.48
4.596 1705
4.597 1705.52
4.598 1706.03
4.599 1706.53
4.6 1707.01
4.601 1707.48
4.602 1707.93
4.603 1708.37
4.604 1708.78
4.605 1709.17
4.606 1709.54
4.607 1709.88
4.608 1710.2
4.609 1710.5
4.61 1710.78
4.611 1711.03
4.612 1711.26
4.613 1711.47
4.614 1711.66
4.615 1711.83
4.616 1711.98
4.617 1712.11
4.618 1712.23
4.619 1712.34
4.62 1712.44
4.621 1712.52
4.622 1712.6
4.623 1712.67
4.624 1712.74
4.625 1712.8
4.626 1712.86
4.627 1712.92
4.628 1712.97
4.629 1713.03
4.63 1713.09
4.631 1713.15
4.632 1713.21
4.633 1713.28
4.634 1713.34
4.635 1713.41
4.636 1713.47
4.637 1713.54
4.638 1713.6
4.639 1713.67
4.64 1713.73
4.641 1713.79
4.642 1713.84
4.643 1713.89
4.644 1713.93
4.645 1713.97
4.646 1714
4.647 1714.02
4.648 1714.03
4.649 1714.03
4.65 1714.02
4.651 1714
4.652 1713.97
4.653 1713.92
4.654 1713.85
4.655 1713.77
4.656 1713.68
4.657 1713.57
4.658 1713.44
4.659 1713.3
4.66 1713.14
4.661 1712.97
4.662 1712.79
4.663 1712.6
4.664 1712.39
4.665 1712.18
4.666 1711.96
4.667 1711.73
4.668 1711.48
4.669 1711.23
4.67 1710.96
4.671 1710.68
4.672 1710.38
4.673 1710.07
4.674 1709.74
4.675 1709.39
4.676 1709.02
4.677 1708.63
4.678 1708.22
4.679 1707.78
4.68 1707.32
4.681 1706.83
4.682 1706.32
4.683 1705.78
4.684 1705.22
4.685 1704.62
4.686 1704
4.687 1703.35
4.688 1702.67
4.689 1701.96
4.69 1701.22
4.691 1700.46
4.692 1699.67
4.693 1698.87
4.694 1698.04
4.695 1697.2
4.696 1696.34
4.697 1695.48
4.698 1694.62
4.699 1693.75
4.7 1692.9
4.701 1692.07
4.702 1691.26
4.703 1690.49
4.704 1689.76
4.705 1689.09
4.706 1688.49
4.707 1687.98
4.708 1687.55
4.709 1687.23
4.71 1687.02
4.711 1686.94
4.712 1686.99
4.713 1687.18
4.714 1687.51
4.715 1688
4.716 1688.62
4.717 1689.39
4.718 1690.29
4.719 1691.32
4.72 1692.46
4.721 1693.7
4.722 1695.03
4.723 1696.42
4.724 1697.87
4.725 1699.35
4.726 1700.86
4.727 1702.36
4.728 1703.86
4.729 1705.34
4.73 1706.79
4.731 1708.19
4.732 1709.54
4.733 1710.84
4.734 1712.08
4.735 1713.26
4.736 1714.38
4.737 1715.43
4.738 1716.41
4.739 1717.33
4.74 1718.18
4.741 1718.98
4.742 1719.71
4.743 1720.38
4.744 1721
4.745 1721.57
4.746 1722.1
4.747 1722.58
4.748 1723.01
4.749 1723.41
4.75 1723.78
4.751 1724.12
4.752 1724.43
4.753 1724.72
4.754 1724.98
4.755 1725.23
4.756 1725.47
4.757 1725.69
4.758 1725.9
4.759 1726.11
4.76 1726.31
4.761 1726.51
4.762 1726.71
4.763 1726.91
4.764 1727.13
4.765 1727.36
4.766 1727.59
4.767 1727.85
4.768 1728.11
4.769 1728.38
4.77 1728.67
4.771 1728.96
4.772 1729.27
4.773 1729.59
4.774 1729.92
4.775 1730.26
4.776 1730.6
4.777 1730.95
4.778 1731.31
4.779 1731.65
4.78 1731.98
4.781 1732.31
4.782 1732.63
4.783 1732.93
4.784 1733.22
4.785 1733.5
4.786 1733.77
4.787 1734.01
4.788 1734.25
4.789 1734.46
4.79 1734.65
4.791 1734.83
4.792 1734.98
4.793 1735.11
4.794 1735.22
4.795 1735.3
4.796 1735.35
4.797 1735.36
4.798 1735.34
4.799 1735.29
4.8 1735.19
4.801 1735.05
4.802 1734.86
4.803 1734.62
4.804 1734.32
4.805 1733.97
4.806 1733.56
4.807 1733.08
4.808 1732.53
4.809 1731.9
4.81 1731.2
4.811 1730.41
4.812 1729.53
4.813 1728.57
4.814 1727.5
4.815 1726.34
4.816 1725.08
4.817 1723.72
4.818 1722.24
4.819 1720.66
4.82 1718.97
4.821 1717.16
4.822 1715.25
4.823 1713.24
4.824 1711.13
4.825 1708.93
4.826 1706.66
4.827 1704.33
4.828 1701.96
4.829 1699.57
4.83 1697.19
4.831 1694.84
4.832 1692.56
4.833 1690.38
4.834 1688.33
4.835 1686.43
4.836 1684.73
4.837 1683.24
4.838 1681.98
4.839 1680.96
4.84 1680.18
4.841 1679.65
4.842 1679.35
4.843 1679.27
4.844 1679.39
4.845 1679.67
4.846 1680.09
4.847 1680.62
4.848 1681.23
4.849 1681.9
4.85 1682.59
4.851 1683.28
4.852 1683.95
4.853 1684.59
4.854 1685.19
4.855 1685.72
4.856 1686.19
4.857 1686.6
4.858 1686.93
4.859 1687.18
4.86 1687.38
4.861 1687.5
4.862 1687.57
4.863 1687.57
4.864 1687.53
4.865 1687.44
4.866 1687.3
4.867 1687.13
4.868 1686.92
4.869 1686.69
4.87 1686.43
4.871 1686.15
4.872 1685.85
4.873 1685.55
4.874 1685.24
4.875 1684.92
4.876 1684.6
4.877 1684.28
4.878 1683.97
4.879 1683.67
4.88 1683.37
4.881 1683.09
4.882 1682.82
4.883 1682.57
4.884 1682.33
4.885 1682.11
4.886 1681.9
4.887 1681.72
4.888 1681.55
4.889 1681.41
4.89 1681.28
4.891 1681.19
4.892 1681.11
4.893 1681.06
4.894 1681.04
4.895 1681.05
4.896 1681.08
4.897 1681.15
4.898 1681.24
4.899 1681.36
4.9 1681.51
4.901 1681.7
4.902 1681.91
4.903 1682.16
4.904 1682.44
4.905 1682.75
4.906 1683.09
4.907 1683.46
4.908 1683.86
4.909 1684.3
4.91 1684.76
4.911 1685.26
4.912 1685.78
4.913 1686.32
4.914 1686.89
4.915 1687.48
4.916 1688.09
4.917 1688.72
4.918 1689.37
4.919 1690.04
4.92 1690.73
4.921 1691.43
4.922 1692.15
4.923 1692.87
4.924 1693.62
4.925 1694.37
4.926 1695.13
4.927 1695.89
4.928 1696.66
4.929 1697.44
4.93 1698.22
4.931 1698.99
4.932 1699.77
4.933 1700.53
4.934 1701.28
4.935 1702.02
4.936 1702.75
4.937 1703.46
4.938 1704.16
4.939 1704.84
4.94 1705.5
4.941 1706.13
4.942 1706.75
4.943 1707.34
4.944 1707.91
4.945 1708.45
4.946 1708.96
4.947 1709.44
4.948 1709.89
4.949 1710.3
4.95 1710.69
4.951 1711.04
4.952 1711.35
4.953 1711.62
4.954 1711.86
4.955 1712.06
4.956 1712.22
4.957 1712.33
4.958 1712.41
4.959 1712.45
4.96 1712.45
4.961 1712.4
4.962 1712.32
4.963 1712.19
4.964 1712.02
4.965 1711.81
4.966 1711.56
4.967 1711.27
4.968 1710.95
4.969 1710.59
4.97 1710.21
4.971 1709.79
4.972 1709.34
4.973 1708.87
4.974 1708.37
4.975 1707.85
4.976 1707.31
4.977 1706.75
4.978 1706.18
4.979 1705.61
4.98 1705.02
4.981 1704.43
4.982 1703.83
4.983 1703.22
4.984 1702.59
4.985 1701.96
4.986 1701.3
4.987 1700.63
4.988 1699.93
4.989 1699.21
4.99 1698.45
4.991 1697.67
4.992 1696.84
4.993 1695.98
4.994 1695.07
4.995 1694.11
4.996 1693.12
4.997 1692.07
4.998 1690.99
4.999 1689.87
